#1
0.899561846983485
0.9032992036405005
0.9032729204009825
0.9047061120874829
0.9065538830424936
0.9015763168012303
0.9067081873621383
0.9028895632669217
0.9100352802822422
0.9016812631848111
0.9052189562087583
0.9040985802303777
0.9067808313768816
0.9014203255723459
0.9053366019234396
0.901293482355896
0.9008167265599477
0.9050604851478877
0.904489080614721
0.9017961733697775
0.9020751839819664
0.9016702411126275
0.9052631578947369
0.9068093123401965
0.9023918981944167
0.9043332904719044
0.9083801122694467
0.9020564197205378
0.9035209866719713
0.9023741567202906
0.8983546153357475
0.8984007525870179
0.9003121471740718
0.9067447547946969
0.9005709785390825
0.9086887835703001
0.9019006335445149
0.9054195575337086
0.9036217710932758
0.9106069420205546
0.9028578670553197
0.9021768707482993
0.9006185847325131
0.8963813593270129
0.907158547615971
0.9033985718064004
0.9018315018315018
0.9024817912058268
0.8993441132541075
0.905113302422778
0.9090236686390533
0.9018365649196903
0.902887487553933
0.9032193694292936
0.9008973858759266
0.903322280735973
0.9061830921949005
0.9044349855828642
0.9041827541827542
0.9033087266016346
0.9037735849056604
0.9042101717750084
0.9073332881079981
0.9040231043051917
0.9017941454202077
0.9017762460233298
0.9002277904328019
0.9048259174620245
0.901776456763669
0.908605951539302
0.9063200949993403
0.9016481668348469
0.9092947411333061
0.9062604844662149
0.900705513457016
0.9042022324359816
0.9021746448528917
0.9041652782405865
0.9057998971193416
0.9009271866692602
0.9106874402077354
0.9027694759912334
0.9110788180748737
0.9012222665072406
0.9074582027168234
0.9041545893719807
0.9033447458519884
0.9035273029895653
0.9021089284541095
0.9059146653040367
0.8997230630514588
0.9031833727966324
0.902255146191163
0.9069422934482526
0.9020480272197867
0.9008312767891934
0.9073624595469255
0.901118506827695
0.8994726433750824
0.9029836503594376
#3
0.9440290536210212
0.9436868873000663
0.942481041636858
0.9435598617792533
0.9416743070738416
0.9389357371328875
0.9408438758922892
0.9393760601814293
0.9401027207107163
0.9420088790233074
0.941801159784811
0.9402639337357854
0.939651538569622
0.9443581415054371
0.9372706501419372
0.9411069392295925
0.9430199430199431
0.9397248617217416
0.9411268793030771
0.9401961456690213
0.9395869793489674
0.9438816412797901
0.9426264956032867
0.9398316156191029
0.9432579998617735
0.9439960351175305
0.9375042828753511
0.9402269683513076
0.9396306818181818
0.941662714276035
0.9410914596380153
0.9428873239436619
0.9360062225993494
0.9409016915563734
0.9440595142586244
0.9418184555170857
0.9415882739006782
0.9362933017355545
0.935682881860729
0.9393960624956211
0.9428179636612959
0.9381559484398112
0.9414357682619647
0.9401881237883248
0.9418347708318483
0.9377727720681402
0.9444245762105715
0.9398776457351804
0.9409224011713031
0.9393621485522451
0.9405633802816902
0.9406615483963551
0.937469399174652
0.9420452159305662
0.9407087531701968
0.941987532086542
0.9401948144964904
0.9382574399426318
0.9410905905540551
0.9437720450930216
0.9385806264920784
0.9385521885521886
0.9423902506578036
0.9380255146419252
0.9364730046948356
0.9425882014802041
0.9385876600028764
0.9391590644077097
0.9417243032253646
0.9398590664899183
0.9409372846312888
0.9415404309793045
0.9399632716485379
0.9438064283134706
0.9387543252595155
0.9371910034120187
0.9417739130434782
0.9413489736070382
0.9379114406486037
0.9413651258453601
0.9343723191306834
0.9356226153312521
0.9393750433035405
0.9398097727437741
0.9391200784643408
0.9398807792963071
0.9386489952971355
0.9424091035248404
0.937000700770848
0.9364976627112549
0.9383859249234277
0.9395135251488843
0.9385159491260286
0.9405785236730796
0.9433975481611209
0.9448479035352151
0.9398311048557354
0.9412412780022035
0.9405974669603524
0.9402700122732851
#5
0.9671436142024378
0.9665751882344663
0.9669902912621359
0.9653929343907715
0.9661247582897659
0.9665914549821676
0.9647589714203854
0.9657344230336657
0.9659133852316529
0.9651188790340612
0.9658925979680697
0.966065355611415
0.9657052661787918
0.970901889092017
0.9681208053691275
0.9675224249922673
0.9660208006838581
0.9713272466611333
0.9613058369161263
0.9676816039500262
0.9644335995267672
0.9641222501107338
0.9669486215538847
0.9658138672599185
0.9643093678710722
0.9666157538730089
0.9653486700215672
0.9667174244072221
0.9694864264737483
0.96484375
0.9670943396226415
0.9651884700665189
0.9662142224845087
0.9651608239971088
0.9654134177410638
0.96664265129683
0.968269302221892
0.9656670403587444
0.9662711737930005
0.9660572562358276
0.9686950146627566
0.9705305999397046
0.9668540556326203
0.964891296700204
0.9668015587529976
0.9659278118915681
0.967511371020143
0.9660736152128503
0.9655981808846182
0.9675746731906814
0.9674988920076821
0.9675675675675676
0.964377148708946
0.9662612221256878
0.9664499738474184
0.9660050523276795
0.9645158954305163
0.9656581588758245
0.9684478371501273
0.9680431927622939
0.9653433704992543
0.9674382388334395
0.9662176920276665
0.9674702294510601
0.9661443358251869
0.9670077105575327
0.9661961367013373
0.9658414750606038
0.9655300222386953
0.969442433019551
0.9667071515324712
0.9666546112115733
0.9666521360069747
0.9659858780654468
0.9700212563219234
0.9665826911677534
0.9664128655803031
0.9672570322964726
0.9661004592841
0.9687685459940653
0.9671574996390934
0.964242031800849
0.9651702786377709
0.9659460631913817
0.9694593787335722
0.9643017512348451
0.9620415126528291
0.9699047619047619
0.9681229650942682
0.9660042583392477
0.9670588235294117
0.9677348066298342
0.9652463875509448
0.9666208094996742
0.9651063829787234
0.9674838520258368
0.9675147333620814
0.9688295656199367
0.966198003933853
0.9656458883879994
#7
0.9829197303921569
0.9809580481999405
0.9835855733754988
0.980515587529976
0.9799728956482457
0.9822435604328609
0.9807166498776803
0.9813311072322987
0.9795855002716759
0.9827612626417407
0.9830418653948065
0.9805016000595371
0.9797480095849115
0.9828058429701765
0.9807430901676484
0.9820514722242825
0.9816640986132511
0.9817605688229384
0.9821117619123001
0.9830180247281395
0.9783152627189324
0.9789489399820842
0.9827767749699158
0.9827350167325829
0.9800323006900602
0.9833099475666495
0.9820061255742726
0.9815309471113486
0.9800510692626875
0.9810519933303017
0.9812877109906056
0.9819957277998169
0.9798771121351767
0.9805352798053528
0.9814428379788344
0.9820931457377172
0.9828769764751253
0.9827145648579588
0.9822994737681391
0.9801828097396114
0.9836716350835143
0.9807432938708227
0.9803816384397271
0.9813526939243409
0.9845035252643948
0.9829860298134707
0.9797887698503154
0.980377692534671
0.9801680920082572
0.9815449306961532
0.9799402802235664
0.9830570902394107
0.9814344041291118
0.9817685267198111
0.9813971146545178
0.9830885625278148
0.9829519624185483
0.9817093175853019
0.980867835004209
0.9808539735602492
0.9833295272893354
0.9809118273254533
0.9804314329738059
0.9819799270072993
0.9832623696960798
0.9818330120124573
0.981922502554429
0.9828558705655336
0.9824184261036468
0.9817450264510841
0.9813688505658634
0.9823426440368369
0.9816472015774306
0.9805652399673614
0.9825770481647824
0.9824177427591742
0.9812785388127854
0.979499732272623
0.9807606596345269
0.9831053901850362
0.9802040972914908
0.9820166000614817
0.9832230260120055
0.9827265281810736
0.9828127335226423
0.9821196607320242
0.9811744654477843
0.980779259479997
0.9815896487985213
0.9812742812742813
0.980720871751886
0.9824104234527687
0.9799748762284786
0.9826539462272333
0.982435956435036
0.9831920273687342
0.9820868786386028
0.9824453341546042
0.9817986329774979
0.9833008836303729
#10
0.9906869319028461
0.9897600717542417
0.9920038001741747
0.9931404241898605
0.9933260903305914
0.9926909307875895
0.9912181088651677
0.992732103782432
0.9918156535558205
0.9917221104750116
0.9928690638749811
0.9919815814544299
0.9917605907500971
0.9909309355863887
0.990768066590995
0.9912314437350973
0.9905343511450382
0.9912522657419812
0.9929821855479294
0.9905653021442495
0.9918428763760196
0.991917818566357
0.9919687930243231
0.991098567086409
0.9914011516314779
0.9914105594956659
0.9913553565915406
0.9912883998165979
0.9934107310950737
0.9926685120071819
0.9913513513513513
0.9921613394216134
0.9908479349186483
0.9919289152165864
0.9918892034585661
0.9911787072243347
0.9933749619250686
0.9924435191610764
0.9920558497833414
0.9915458000465369
0.990995115995116
0.9920560747663552
0.991327705295472
0.9893282149712093
0.992561920098152
0.9928255228209434
0.9919542822768629
0.9904525343475898
0.9920634920634921
0.9911457545028001
0.9922299336149668
0.9913509376195944
0.9908579992506557
0.9914353444979735
0.9917323141720614
0.991730093676815
0.9921671018276762
0.9907436460621274
0.9911559834076857
0.9906198702415383
0.9918937176311642
0.9908555018137848
0.9906680146201104
0.991066398390342
0.9918076716943572
0.9915797317436662
0.9915189486552567
0.9912488174077578
0.9907209661978055
0.9912504839334108
0.9923046092184369
0.9908236179014667
0.9905871806364859
0.9911289056366777
0.9925589410198167
0.9911363636363636
0.9926089007705614
0.9906161064533497
0.9908685968819599
0.9909481076863051
0.992274412855377
0.9919336073838517
0.9914205451370435
0.9925001913216499
0.9917536692389166
0.9908420644159875
0.9923400420546711
0.9896541307959523
0.9912371544650681
0.9934502923976608
0.9907135118402725
0.9911409806018023
0.9920405774483028
0.991937984496124
0.9919297970696545
0.9908082408874802
0.9918285538082022
0.9920464973998164
0.991869918699187
0.9901106663527196
#15
0.9972174174625855
0.9974228816868411
0.9965676883780332
0.9982851352404708
0.9967429177397364
0.9976109741060419
0.9967074317968015
0.9975308641975309
0.9976142835154687
0.9978955279969937
0.9980738362760835
0.9976620445017736
0.9981264637002342
0.9980102548404377
0.9975760419110172
0.99748322147651
0.9981991857187598
0.9967034651947255
0.9971073410992104
0.998019651153934
0.9974420704182967
0.9969068976183112
0.9976669348350764
0.9973355663824605
0.9971226378412007
0.9972099511741456
0.9976260188335839
0.9971889808047546
0.9977175673685761
0.9973205138308772
0.9986466165413533
0.9975741035554545
0.997816423613819
0.9975094339622641
0.9975079822443735
0.9976368649074439
0.9975909232203917
0.9981542720910559
0.99812382739212
0.9975955945086481
0.9973643410852713
0.997221579069229
0.9973797780517879
0.9969442920943352
0.997357216267802
0.9970170343041055
0.9975582860743542
0.99712528946738
0.9984539270253556
0.9980338183248132
0.9978454680534918
0.9972724438902744
0.9972115997450606
0.9974025974025974
0.9977312258942751
0.9973783385220384
0.9978215265451025
0.9973577867578489
0.9972341983242495
0.997915115413254
0.9979625101874491
0.9973188234366375
0.9974531141467933
0.9974038234599952
0.9975519229250572
0.997221579069229
0.9979082864038616
0.9975974172235152
0.9984044674910252
0.997629244417253
0.9975496008220694
0.997515142102811
0.9979077814436308
0.9971701720841301
0.997999538355005
0.9977106227106227
0.9979520631067961
0.9981207615001225
0.9968426868734707
0.9982724774244209
0.9973384950399226
0.9976648244726395
0.9975412985017288
0.9976838015540944
0.9976697219201491
0.9972114639814098
0.9970098903626466
0.9970867831953388
0.9977307110438729
0.9976751162441878
0.9976586102719033
0.9977329580988118
0.9975661203959111
0.996937092594047
0.9978383386088165
0.997138437741686
0.9980259661377269
0.9973000873501151
0.9980409885473177
0.9983468472014485
#20
0.9992345962495216
0.9989590006406149
0.9992487416422507
0.9992724333063864
0.9996767676767677
0.9992652461425422
0.9992216081575465
0.9989565775744442
0.9992869027810791
0.9992782678428228
0.9990833396990298
0.9993822870820787
0.9989660383361171
0.9992313604919293
0.9992276202981386
0.9993038904787687
0.9994626132350684
0.9992436275622116
0.9996883035923011
0.9990948178320888
0.9994470337309425
0.9989737922323966
0.9992758287737368
0.9995449719399363
0.999371711301343
0.9994374347022422
0.9994538503549972
0.9990196817736219
0.9992503186145888
0.9993831444213124
0.9994458079328636
0.9992356493159061
0.9990599294947121
0.9991466252909232
0.9993050729673384
0.9989405176328137
0.9992717857431831
0.9991494626150158
0.9987985281970414
0.9992486851990984
0.9993820962385108
0.9992393701985244
0.9992525041112273
0.9993022714939143
0.9996109857620789
0.9995162850693324
0.9995328194347115
0.9995264404104183
0.9994490358126722
0.9991694979237448
0.9989993842364532
0.9990548948570529
0.9994565639313718
0.9987872356552717
0.9989026493180749
0.9994475574145687
0.999695400548279
0.9992351816443594
0.9986277042298999
0.9992402370460416
0.9993670385315294
0.9993011337164156
0.9991830065359477
0.9990616202690021
0.9984108065156932
0.9996104705515737
0.9994527829893683
0.9989457464925797
0.9994325091203892
0.9994514966306222
0.999271196048263
0.999079754601227
0.9990580847723705
0.9991398858393933
0.9991484749961295
0.9989473684210526
0.9992327758170938
0.9993756828468863
0.9992005116725295
0.9994732485514335
0.9990972013241047
0.999347950118184
0.9994445766880902
0.9992820103709613
0.998973954222573
0.9987138263665595
0.9990859232175503
0.9992463637048761
0.9993627529074398
0.9989748442551849
0.9993760723756044
0.999000999000999
0.9988909134120256
0.9989246485905215
0.9991113265470997
0.9988388295401764
0.9993046434366066
0.9992358245453156
0.9993051802671196
0.9992067898786389
#30
0.999922287845819
0.9998393316195373
0.999923242247467
0.9998447325518205
0.9996751137102015
0.9999222999223
0.9996933691069375
0.9997648534253017
0.9998393058010606
0.9998451652860572
0.9996806132226126
1.0
0.9999203314212874
0.999921929893044
0.9999247044650252
0.999843957244285
0.9995896257386737
0.9999202933205803
0.9996062682100952
0.9998431987455899
0.9999239774973392
0.999846413761327
0.9998442367601246
0.9997532082922014
0.9997772497772498
0.999758764876166
1.0
1.0
0.9999208234362629
0.9999239774973392
0.9996909048759756
0.9998316073082428
1.0
1.0
1.0
0.9998471882640587
1.0
1.0
0.9997585901665728
1.0
1.0
0.9999194068343005
0.9998457028236384
0.9999239659367397
0.9996942597263625
0.9996854851391729
0.9998454763192459
1.0
1.0
0.9998477814141107
0.9999221486959906
1.0
0.9998460117031106
0.9997630144561181
0.9996884977805467
0.9999240813847555
0.9997621124415194
0.999921272240592
0.9997698857099026
0.9998400639744103
1.0
0.9998475958241256
0.9998388266580708
0.9999203060248645
0.999836960952148
1.0
0.9999184405839654
1.0
1.0
0.9997643176997407
0.9999240410178504
1.0
1.0
1.0
0.9996754827194548
0.9999162128194387
0.999922612598669
0.9998457623197348
0.9996959331052832
0.9998466257668711
1.0
0.9997627895943703
0.999768803945746
0.9999230058515552
0.9999224565756824
0.9998467080554917
0.9998404085541015
0.9999220941103147
0.9999229939935315
0.9998395249939822
0.9997052538501215
0.9996891996891997
0.9998484389208852
1.0
0.9996849153209925
0.9998458217699661
0.9998490338164251
0.9998461893409213
0.9998404085541015
0.9997669178773988
