#1
0.8443780394914162
0.8491776975531489
0.8521449873824272
0.8484195402298851
0.8572778827977315
0.858729775416566
0.8522671867381765
0.856211088052179
0.8528651071900684
0.8567340263987852
0.864881277706929
0.8473708975414657
0.8552488194696695
0.8548085619535725
0.8501342882721575
0.8530918622661742
0.8500381097560976
0.8493661888401848
0.8487148102815177
0.852349386988913
0.8570025989026855
0.8542611601814275
0.8495267760872169
0.8476852677244904
0.8540865384615385
0.8465700820387502
0.8550663449939686
0.8539615846338535
0.8556261996161229
0.8524493986506306
0.8534423994546694
0.8539532129108677
0.8546080663047919
0.8526278197726326
0.8449516395376268
0.8549586776859505
0.8500116360251339
0.8516509715103111
0.8535062439961575
0.8471892789373814
0.8625215274066156
0.8530785816962146
0.8539386006663494
0.8543629082294546
0.8534725973948016
0.8534108289996941
0.8466140372517578
0.8523176852671981
0.857795172863666
0.852699706358243
0.8513267047125963
0.853995809637833
0.8552942566769085
0.8469187189270436
0.8558553251649388
0.8576983343973071
0.8586607363479121
0.8520833333333333
0.8550295857988166
0.8522748432747812
0.852901003622543
0.8511760175365839
0.8483065953654189
0.85558180744241
0.854740669204113
0.8576323034567146
0.8459354539660467
0.8541490518178524
0.857151638084701
0.8555855046421084
0.8471398053643484
0.8580946450809465
0.8513081965376211
0.8546889507892294
0.8489392618424877
0.853288566460819
0.8530226119058606
0.8529446338309628
0.8505354558610709
0.8554881746513038
0.8523391812865497
0.853786538109477
0.8532394702302828
0.8513435255964791
0.8518022406234779
0.8596129345386155
0.8509884584618901
0.8501121076233183
0.8556725706079464
0.8495074790222547
0.8512506012506013
0.8548258138206739
0.8561489166920965
0.851275198977517
0.8498906971095458
0.8596344522757138
0.8516499282639886
0.8473850844277674
0.8542326063186971
0.8480734792906245
#3
0.8825438027255029
0.8854785272238545
0.8849073597529593
0.8803671339661784
0.8873296179413147
0.8895256916996047
0.8839115516584064
0.8779745262503883
0.8789108119736923
0.8826839562052725
0.8821574642126789
0.8820629959124789
0.8833183163856352
0.8827923750643998
0.8877149232182702
0.8757026858213617
0.8883895592218666
0.8795982342780372
0.8802459067812559
0.8772767800280219
0.880005005005005
0.8847520063149585
0.882460799190693
0.8848925576519916
0.8811874960689352
0.8862765473793596
0.8812873618742829
0.8857106372110841
0.8878207129034272
0.8765813020672631
0.878820697954272
0.8816591056383668
0.8815989847715736
0.8828348020354971
0.8869909722673248
0.8859920175099781
0.8874176505120345
0.879677230428841
0.8792426096477104
0.8850037869224944
0.8832707126026874
0.8788122486854315
0.8838296167712645
0.8870812166420166
0.8818981106191931
0.8864253679489609
0.8863983698420784
0.88543539686617
0.8824982580604295
0.8811892916370528
0.8768581506676745
0.8860193692575118
0.8840930825629583
0.8885241508675554
0.8798385617317923
0.885998169695385
0.8836889194769443
0.8815924877797787
0.883956043956044
0.8789660663971579
0.8815603746952393
0.8782677062176505
0.8829511717516265
0.8838606818739269
0.8779181970989229
0.8844829784521229
0.8851259470310173
0.8813175760623586
0.8860510805500982
0.8832662449683726
0.8824407538719911
0.8888599178671533
0.8778077820056462
0.8827546955036994
0.8802856962265343
0.8889820127651344
0.8895407519555892
0.8801255886970173
0.8839268276804896
0.8846325450952897
0.8833989584656421
0.8823269606915263
0.8846611177170036
0.8826356899659523
0.8829391359192683
0.8835089016201565
0.8835507476932867
0.8826388888888889
0.8859021836291662
0.8849574508925715
0.8804362021679509
0.8835185773261353
0.8840439899672005
0.8820097045636017
0.8771629471109752
0.8835918054757802
0.8862305930262153
0.8783593550038392
0.8800549176235647
0.8793506493506493
#5
0.9165518191841234
0.9172720727796322
0.9167114454594304
0.9166044649521612
0.9161780383795309
0.9155892007771153
0.9205957037952096
0.9222734671730873
0.9143406484121196
0.9166944351882705
0.9180565127498277
0.9166939765353608
0.92129141169023
0.9136387230729301
0.9186152020660292
0.9198437913688112
0.9184164015553199
0.9164255654918464
0.9187483212463068
0.9142952349216927
0.9191823473669961
0.9118386198464987
0.9207445008460237
0.9142341860931134
0.9193383704308761
0.9110807113543091
0.921362314827634
0.918381583536798
0.9191685912240185
0.9095058025818229
0.9199569516378556
0.9119531519118154
0.9117534456355283
0.9136585040368319
0.9125988546495774
0.9087241219657385
0.9165839783025732
0.9118921847487471
0.9196480938416423
0.9144279285422064
0.9137894810560964
0.9199472469502143
0.9121138540401996
0.917180858357329
0.9180758606750656
0.9224155168966207
0.9178957718780728
0.9195514383227694
0.9190645029319514
0.9173144390176791
0.917448275862069
0.9172189819724285
0.9158171876054817
0.9205791106514994
0.9136239782016349
0.9083805430748193
0.9207521367521367
0.9125830564784053
0.9171746620726212
0.9184428757453225
0.9161972798461328
0.915153906866614
0.9194117255606575
0.9214716444203537
0.9175286552977355
0.9176334106728539
0.9191459572978649
0.9188194397109944
0.9185159257962898
0.9175081967213115
0.9180429825167576
0.9228405837581175
0.912669533575918
0.9237546594374788
0.9183473663598982
0.915045217867909
0.9170080613188847
0.9137797765441642
0.917723688721289
0.9131871035940803
0.9196168263223656
0.9163025210084034
0.9130350320533575
0.9192886456908345
0.9169672764751353
0.9157190200792774
0.919695350080171
0.9152920497566251
0.9186185552507561
0.9218588640275387
0.9131078081915395
0.9165943817975579
0.9185808039376538
0.9178947368421052
0.9114030773554416
0.9151644419980735
0.9177726091120536
0.9142482939270697
0.9182277135645012
0.9141972869748453
#7
0.9402219724641754
0.9371193881886418
0.9405833633417356
0.9403401170894898
0.9368495077355837
0.9426565649544728
0.9387697715289982
0.9392695356738392
0.9415389024215504
0.9433809453688705
0.9381421384539077
0.9434945329126
0.9394477177539575
0.938642571968901
0.9403239556692242
0.940194512991726
0.9372532127216598
0.9367043084226426
0.9395958879829848
0.9418990469466996
0.9392632397652549
0.9399944759011186
0.9398480662983425
0.9409210619972952
0.9405343869282796
0.9394618834080718
0.9398385398385398
0.9365011415525114
0.9378904286637467
0.9398654617109465
0.9366404715127702
0.9388892809258345
0.9423958259888598
0.9404255319148936
0.9464445105623326
0.9380988023952096
0.9422808486878839
0.9370680979537068
0.9435712262815067
0.9390991753013322
0.9367556468172484
0.9401264152253942
0.9374785297148747
0.9375668163352576
0.9431156192173258
0.9393625112355666
0.9367493426195722
0.9414335664335665
0.9401548592517548
0.9396352055587724
0.9401498021481063
0.9372305082349615
0.941958041958042
0.9406149860230449
0.9423604097532824
0.9415393242674891
0.9387202508194386
0.9398278829604131
0.9399837793998378
0.9392396232996163
0.9430081014441705
0.937223884851076
0.9370243664036864
0.9396194621919539
0.9415254237288135
0.9340493945406034
0.9377784377784377
0.9410829126616417
0.9390190656381895
0.9377517392896375
0.9407570746049246
0.9385347543401032
0.9380263896687254
0.9423940499579007
0.9374119966206702
0.9398470097357441
0.9412373267121871
0.9358625026199958
0.9401456844420011
0.9406901509705248
0.9419452668062676
0.9374912794753733
0.9408561384159372
0.9406124982756242
0.9445722793719545
0.9383039023326794
0.9411226142686104
0.940673845085099
0.9400190183600322
0.9400510204081632
0.9393510991729696
0.9406441499216189
0.9426020408163265
0.9401673046930384
0.9399692149820421
0.9373406193078324
0.9402604962526377
0.9380860353589578
0.9407212731785662
0.9414641060165828
#10
0.9619027120103315
0.9587031205267679
0.9621584802845682
0.9593554942662215
0.9580721850010806
0.9578253473206692
0.9629060579455663
0.9580225244990493
0.9606111070885526
0.9602730772024112
0.9611036052051483
0.9629522640283094
0.959631162419226
0.9553878836715259
0.96275447254781
0.9587226841292031
0.9595996228331036
0.9598187311178248
0.959769696086291
0.9606977417486972
0.9592947322594688
0.9595400960558871
0.9640833149333922
0.960480093676815
0.9578591880185009
0.9607651178552602
0.9597598932859048
0.9600206916937629
0.9587326562723502
0.9613490523802417
0.959436905884914
0.9562102492872286
0.9591822043049456
0.9603231341149556
0.9587297045990988
0.9555522849363456
0.9590898643989887
0.9600143317807237
0.9621901590825009
0.9585635359116023
0.9572162409401168
0.9596351361057244
0.96
0.9591399438451308
0.9573851282794608
0.9620123951877506
0.9579039684279763
0.9609300272238982
0.9604688410017472
0.9596774193548387
0.9623031044502217
0.9610370479487368
0.9608733246865543
0.9610800470865215
0.9593069811458106
0.9592456946933686
0.9613673439122052
0.9620354239256679
0.9602154398563735
0.9568236714975845
0.9583424527613628
0.9586107091172215
0.960995292535306
0.9622230294224482
0.9574349700931979
0.9585996513654852
0.9609807146060697
0.9591867022855447
0.9622967333429271
0.9621478873239436
0.9592875318066157
0.9577312138728323
0.9593362236507699
0.9590436130174895
0.9589941096511101
0.9598250091141086
0.9595094695595385
0.9591557412476588
0.9577180724627242
0.9603751635887742
0.9557954628346342
0.9595396130490044
0.9594555667578857
0.9605998010863744
0.9569915557463862
0.959483685908928
0.9582166853303471
0.9575411437589239
0.9610009017132551
0.9602363928206625
0.9603786044464011
0.9604212055192447
0.9611277560113698
0.9595026642984015
0.9611111111111111
0.9625169351196748
0.9592647058823529
0.9628526762450681
0.9606803622708195
0.9601734146520685
#15
0.9779898414652917
0.9767972313984584
0.9814655509501837
0.9776951672862454
0.9773953852170513
0.9770940938693016
0.978765613519471
0.9781958725297163
0.9795732401852836
0.9781259461095974
0.9769452449567724
0.9779723242022028
0.9769154833320677
0.9787535410764873
0.9752851711026616
0.9780927835051546
0.9792534320530618
0.978558394160584
0.9761922814466601
0.9767105453493419
0.977795750312477
0.9793944803987206
0.9776669224865695
0.9805832521178499
0.9805013927576601
0.9796686746987951
0.977941735757207
0.9784103512014788
0.9782314010047045
0.9778761061946902
0.9784533648170012
0.9779229556206352
0.978802719099481
0.9788444703822585
0.978656481689508
0.9790275084392731
0.9773561333645663
0.9771397362877429
0.9769421006691883
0.9776973635625138
0.980234530570101
0.979776279724424
0.9758890898131405
0.9781593613496008
0.9783586720446789
0.9797087610408212
0.9790080738177624
0.9788524217388008
0.9769010779496957
0.9782149856776723
0.9796123252760831
0.9768528822612953
0.9775711966947027
0.9778278842540399
0.9777794804995785
0.9789417667629619
0.9780141843971631
0.9762857790197115
0.9762924667651404
0.9766820675714698
0.9785851425195687
0.9765819997063574
0.9771390767421346
0.9793423597678916
0.9791793776693105
0.9796872716644747
0.9787820131030375
0.9790053603335319
0.9782153655322118
0.9795295518832813
0.9781357882623706
0.9796657167064623
0.980039021461804
0.9798580027782066
0.977705274605764
0.9780399139402033
0.9791416566626651
0.9778280896244828
0.9776603773584905
0.9769719225766965
0.9785325687398911
0.977692075015124
0.9790047221213222
0.976056338028169
0.9763930405457193
0.9801412872841444
0.977188609411587
0.977199671077222
0.9810546258288602
0.9798424467099166
0.978356312100439
0.9770974883578899
0.9774720290293317
0.9782047387606319
0.9764818637570039
0.9789717877722068
0.9783735075467448
0.978386277978617
0.9766247301421872
0.9796110187260502
#20
0.9871967654986523
0.9870293507263563
0.9863975427819219
0.9890229661346828
0.9893469198703103
0.9897262842144732
0.9881715506715507
0.9881534698868848
0.9843588725684795
0.9870491021770221
0.9866182807892946
0.9872370597967384
0.9894090560245588
0.987791769041769
0.986617157886594
0.987981487011048
0.9860501567398119
0.9882507536523151
0.9873581600792019
0.9862385321100917
0.988
0.988824284527675
0.9881573821581613
0.987992860619828
0.9882318111168678
0.988051335005163
0.9875087283730313
0.9870066984101364
0.9868584758942457
0.9867439276075568
0.9860859044162129
0.9872445059167051
0.9875436369406537
0.987978560490046
0.9881201956673655
0.9885066337550139
0.9872597059932152
0.9870517928286853
0.9871646176447847
0.988378357577157
0.9852850539291217
0.9888548779530649
0.9883974986815339
0.9873600852813523
0.9883271551384178
0.9875817965496728
0.9876144723014563
0.98710264775055
0.9892208192177394
0.9879950109136264
0.9866606375763056
0.9863977856860419
0.9881862930708065
0.9870699788417836
0.9872951141086973
0.9881749219098617
0.988415803605677
0.9863165387961718
0.9886363636363636
0.9881025015253203
0.9884046692607004
0.9893249859539289
0.9855728647072366
0.9862902571590817
0.9885856829692342
0.9871137905048982
0.9861225714500037
0.9871881321645314
0.9880890344673565
0.9851708074534161
0.9881079432840372
0.9860635696821516
0.9890718913433768
0.9875221443426019
0.9880450070323488
0.988658852184503
0.9882627341810247
0.9867519415258109
0.9875272840661053
0.9858832506676841
0.9897967192528059
0.9875928620663246
0.9857763138194341
0.9873408295479932
0.9878440366972477
0.98733793312609
0.987051565237261
0.9884844269263467
0.9881437849267483
0.9878542510121457
0.9875360997112023
0.9868956168097605
0.9889019148104728
0.9862269492692631
0.9862331803686708
0.9867732558139535
0.9873399301513388
0.9867171267438409
0.9885880686289942
0.9881856540084388
#30
0.9949259350192323
0.9955206286836935
0.9943393415760465
0.9954646721833227
0.9959814528593508
0.9952348013219583
0.9955943607818007
0.9962902851843265
0.9964796816407745
0.9954507544165593
0.9961157654226961
0.9958451950450103
0.9962349988234371
0.995956976123274
0.9955182072829132
0.9964431663387316
0.9954345214257109
0.995065402992089
0.9951698228935061
0.9953006770211071
0.9960502409353029
0.9954505547130656
0.9959695817490495
0.9957943925233644
0.9951801517067004
0.9956616052060737
0.9957963197969543
0.9946066723168194
0.9961058571087976
0.9962463612685767
0.9956204379562044
0.9963431115350981
0.9960781237744136
0.9960699985169805
0.99547141796585
0.9958314034275128
0.9947870778267254
0.9959938366718027
0.9951400138856746
0.996091107269037
0.9962176765727518
0.9944519299358009
0.9961947658616137
0.9962200418208139
0.9954363490792634
0.9961607772467288
0.9959542519256205
0.995333433689598
0.9953759068803316
0.9953527999380374
0.9939384638993325
0.9951430919823657
0.9956953901541833
0.9956075044669446
0.9951827496559107
0.9949767866656519
0.9948758376034686
0.9951241810147798
0.9958499725941586
0.9941506785212916
0.9956696323124163
0.99678481206461
0.9951471758154335
0.9952234206471494
0.9949972641288205
0.9959308240081384
0.9956518422457853
0.9953372707491451
0.9948709729123257
0.9955884552116046
0.9951036396278766
0.9956345494231369
0.9961915125136017
0.9965886183904481
0.9960461550875495
0.9955495509814829
0.9955637142420071
0.9952525169845298
0.9952848125332725
0.9965821054230594
0.9959007059895241
0.9942904364811058
0.9945841392649903
0.9956191817257295
0.99594863170769
0.9963901689708141
0.995628909488281
0.9950794547067839
0.9954996896337679
0.9955967555040556
0.9951425885302413
0.994576012223071
0.9961113229126954
0.9951471758154335
0.9943672839506172
0.9955866686957845
0.9946812733190442
0.996345363179534
0.9944151411728204
0.9957134109001837
