#1
0.9262527576426095
0.9284225156358582
0.9253072801764891
0.9275452841973766
0.9281002638522428
0.9151687164932198
0.9257366205652435
0.9280778894472361
0.9164499349804941
0.928380187416332
0.9228228228228228
0.9220055710306406
0.9233817701453104
0.9272300469483568
0.9213703099510604
0.9190379403794038
0.9347975291695264
0.9362940275650842
0.9215284885704538
0.9288688410825815
0.9192666452235445
0.9213876511775939
0.9299516908212561
0.9280315478146566
0.9244040150564617
0.9300282397238783
0.9241628365068942
0.9307304785894207
0.9198841698841699
0.9213410702772404
0.9174645097391878
0.9270797672030127
0.9282467532467532
0.9260429835651075
0.913926499032882
0.9254237288135593
0.9298975672215108
0.9278145695364238
0.9243530192435302
0.9240934234787953
0.9237316990125979
0.928479381443299
0.9220035778175313
0.9283870967741935
0.9235400361228175
0.9190877850671665
0.9142953929539296
0.9172302737520129
0.9088815789473684
0.9323589394969408
0.9296235679214403
0.9310913287174415
0.9200119832234871
0.9259259259259259
0.9144262295081967
0.9280685644322008
0.928479381443299
0.9199733244414805
0.9218538565629228
0.9326814591951862
0.9187799862919808
0.934885290148448
0.9224109224109224
0.9280507131537242
0.922514619883041
0.9216867469879518
0.9181076672104405
0.9203451709259873
0.9075757575757576
0.9263363754889179
0.9186046511627907
0.9244783040741967
0.9282456673761021
0.925007944073721
0.9266422140713572
0.9269736842105263
0.9325771896660365
0.9346618752041816
0.9265040650406504
0.9378324468085106
0.9188654353562006
0.9125827814569536
0.9219295461758172
0.9332073093887838
0.9086554909339719
0.9281767955801105
0.9218430034129693
0.9285268414481898
0.9215379806189434
0.9342339139708496
0.930173775671406
0.9153128240580712
0.9143054595715273
0.9198653198653198
0.9249525015832806
0.928639391056137
0.9168005139736588
0.9275409836065573
0.927348934683898
0.9321070234113712
#3
0.9490358126721763
0.9472469502143093
0.9621527777777777
0.9508737223870755
0.9601206434316354
0.9514313284014152
0.9522304179838427
0.954954954954955
0.9493716337522442
0.9549612948627727
0.9541847041847041
0.9526952695269527
0.9552772808586762
0.958577839143942
0.9507914659325534
0.9471726190476191
0.9625441696113074
0.9595317725752508
0.9541825754946199
0.9503521126760563
0.9568878410239138
0.957425068119891
0.9519509835536923
0.9561904761904761
0.9512017479970867
0.9569611998695794
0.9527195165303946
0.9492350486787204
0.9543712991988854
0.9571275455519829
0.9631132423459978
0.9596638655462185
0.958659217877095
0.9459459459459459
0.9571843251088534
0.9535655058043118
0.9574538258575198
0.9512444595976816
0.9566811062979007
0.9654910883579826
0.9591767881241565
0.9555850182300298
0.9461213891593638
0.9550730063646574
0.9571122230164403
0.9554220676572874
0.960185799601858
0.9507974211062097
0.9507159507159507
0.9552631578947368
0.9584620665980089
0.9610655737704918
0.9560669456066946
0.9532676159182183
0.9502487562189055
0.9530988274706867
0.9522712310730744
0.9589490968801314
0.9498181818181818
0.9549705576723242
0.9486535008976661
0.9519832985386222
0.9527866524671637
0.9594457587022642
0.9507959479015919
0.9612289685442575
0.9478086316493811
0.9542837792075856
0.9461374911410347
0.9495365602471678
0.9538784067085954
0.9610343606092809
0.9483108108108108
0.9557007988380537
0.9482415394824154
0.9529750479846449
0.9565911267156081
0.9548872180451128
0.9661885245901639
0.9579184066816576
0.9583333333333334
0.9575821845174973
0.9570571518787496
0.9599723947550034
0.9494109494109494
0.9598076262452765
0.9474209650582363
0.9573529411764706
0.9572246547659145
0.9598796389167502
0.9549033643521833
0.9596602972399151
0.9601148691767709
0.9582027168234065
0.9480395282116671
0.9596363636363636
0.953257790368272
0.9597534445250181
0.9580977718656468
0.9510290986515259
#5
0.9740532959326789
0.9761255115961801
0.9724212034383954
0.9744880832494126
0.9770674079221682
0.9728506787330317
0.9741784037558685
0.9767676767676767
0.9756645451141894
0.9695762404925752
0.9714389009399855
0.9759971761383692
0.9677192982456141
0.9729924378826071
0.9686398872445384
0.9674707602339181
0.973358348968105
0.9657202216066482
0.9696252465483235
0.972768532526475
0.970979020979021
0.9742429516185173
0.9641962047977085
0.9760479041916168
0.9761499148211243
0.9665441176470588
0.9664429530201343
0.9738237243207423
0.9781512605042016
0.9722500835840856
0.9705474705474706
0.9722222222222222
0.9698440207972271
0.9685264663805436
0.9673321234119783
0.9749539594843463
0.974378017081322
0.9746450304259635
0.9695776664280601
0.9708939708939709
0.9728765167737331
0.9753042233357194
0.9716193656093489
0.9713207547169811
0.9695412844036697
0.9713798977853493
0.9702901083537224
0.9702096358955499
0.9766403297835795
0.9683085147002672
0.9767691208005719
0.9646302250803859
0.9766949152542372
0.9682926829268292
0.9664142245637142
0.9768552534900808
0.962474645030426
0.9686817188638019
0.9617787578096288
0.9721611721611721
0.979016167870657
0.9712078651685393
0.9725848563968669
0.9703180212014134
0.9692982456140351
0.9673384294649062
0.9714920399851906
0.9723220704529115
0.974869109947644
0.9727626459143969
0.9787379972565158
0.9721317408613825
0.9753444525018129
0.9731494920174165
0.9738675958188153
0.968293551834699
0.9647102526002972
0.9779703864210907
0.9697624190064795
0.9747929420237667
0.971716388996513
0.9716530054644809
0.9690615331729117
0.9686288332745858
0.9705366538056822
0.9668729523116126
0.9719161038037682
0.9721317408613825
0.976313079299691
0.974323386537127
0.9697190806275082
0.967107494065785
0.9746156596353236
0.9693274205469328
0.9732977303070761
0.9650639916983743
0.9761654398878373
0.966804979253112
0.9735714285714285
0.9743769743769743
#7
0.9837046890588627
0.9815994338287332
0.9760970388869069
0.9818742768993444
0.9847082494969819
0.983948087431694
0.98181143281366
0.9790810608890549
0.983180987202925
0.9791208791208791
0.9845644983461963
0.9831902718168812
0.9803711634546752
0.9831873905429072
0.9799416484318016
0.9825028527957398
0.9827213822894169
0.9776278409090909
0.9825113676110528
0.9819684447783621
0.9804392587508579
0.9835294117647059
0.9842067480258435
0.9840858623242043
0.9777021919879063
0.982564475118053
0.9821753364859949
0.9842972041363462
0.9841555635577962
0.978414720452937
0.9792349726775956
0.9812292970187707
0.9788860575172916
0.9845701689933872
0.9780832095096582
0.9815418023887079
0.9826086956521739
0.9786843072399853
0.9765850144092219
0.9812734082397003
0.986461075592328
0.9847083926031295
0.9793926247288504
0.9845261121856866
0.9830827067669173
0.9819596745666784
0.9812312312312312
0.9777696793002916
0.9814748842180263
0.9837551945598791
0.9780621572212066
0.9827712609970675
0.979462285287528
0.9841445427728613
0.9804318488529015
0.9798214978657354
0.9827078734363502
0.9824012514665624
0.98290273556231
0.9783001808318263
0.9824881430134987
0.9821492324169939
0.9814230634419909
0.9850691915513474
0.9821300929235168
0.9821553533939819
0.9822175732217573
0.9805825242718447
0.9754778218535882
0.985455835402625
0.9780686239830209
0.9811452513966481
0.982294356326079
0.9833155839545616
0.9858870967741935
0.9820981023988543
0.9817027632561613
0.9839794937520026
0.9846529473317056
0.9791076487252125
0.9787155963302753
0.9856722997795738
0.9829523440526927
0.9817863397548161
0.9795021961932651
0.978601997146933
0.9825819672131147
0.9865848984285167
0.9839878002287457
0.9832050384884534
0.983044860473331
0.9843522561863173
0.9817863397548161
0.984759671746776
0.9833397907787679
0.9850267379679144
0.9821873886711792
0.9833333333333333
0.9869099563665212
0.9815684857246115
#10
0.9898292771521976
0.9892830746489283
0.988328470195915
0.9920552677029361
0.9930867611475976
0.9896512073591415
0.9922027290448343
0.993791230112534
0.9913134120917304
0.9924603174603175
0.9917739628040058
0.9929651776292648
0.9887901043679939
0.9907475943745374
0.989763779527559
0.9901068460625247
0.992377495462795
0.9945375091041515
0.9914588315681585
0.9888017917133258
0.9882442169131589
0.9886530014641288
0.9901328273244782
0.9912514263978699
0.9912822375590266
0.9883895131086142
0.9932726553225169
0.9910809846592936
0.99243788260713
0.9905838041431262
0.9936755952380952
0.9858893427404382
0.9921259842519685
0.9905548996458088
0.9899652643766885
0.991325468424705
0.9932956951305575
0.9920754716981132
0.9868186676166726
0.9917206623470123
0.9876499647141849
0.9928086296444267
0.9902837155071901
0.9873157353445321
0.9896317483017518
0.9896640826873385
0.9921816827997022
0.9889807162534435
0.9883556810162315
0.991979584396646
0.9877186453293636
0.9878649981039059
0.9911861917003305
0.989769820971867
0.9907544378698225
0.9880780346820809
0.9874667679453095
0.992737003058104
0.9870562130177515
0.9909485879797248
0.9902244750181028
0.9922480620155039
0.9855022437003798
0.9897765997728133
0.9906716417910447
0.9890691114245416
0.9894161829976101
0.9867383512544803
0.99235807860262
0.9914466344365935
0.9933505725895826
0.9902386117136659
0.9948510481794778
0.9873328641801549
0.9889426399447132
0.9858778625954199
0.9905776321179844
0.988795518207283
0.9913109180204005
0.9882394868139701
0.9883763167453687
0.9913947651487989
0.9903093551994037
0.987323433538573
0.9935262757044935
0.9929368029739777
0.9898388227049755
0.9897096655641309
0.9919042590637099
0.992377495462795
0.9877384196185286
0.987402741756206
0.9892751479289941
0.990158172231986
0.9888449082403742
0.9907506225542512
0.9924398625429554
0.991455912508544
0.9907166728555514
0.9898572501878287
#15
0.9957364341085271
0.9950269374222959
0.994869915720044
0.996090973702914
0.9959464937170652
0.9973076923076923
0.9946255822285919
0.9955357142857143
0.9970215934475056
0.9951724137931034
0.9964857477547833
0.9950089126559715
0.9950248756218906
0.9953687210545066
0.9961195188203337
0.9954389965792474
0.9949622166246851
0.9945376511900117
0.9955440029706647
0.9948778565799843
0.9963221772710555
0.997140522875817
0.9979086789822238
0.9965552876334826
0.9968253968253968
0.996219281663516
0.9981778425655977
0.9970919665576155
0.9958027282266527
0.99543205177008
0.9953051643192489
0.9971499821873887
0.9970856102003643
0.9974302496328928
0.9944690265486725
0.9949670925280681
0.9956199460916442
0.9925195511730703
0.9963662790697675
0.9977786005183266
0.9950682852807283
0.9959484346224677
0.9962377727614747
0.9966555183946488
0.9941477688368691
0.9958549222797928
0.9954682779456193
0.9958275382475661
0.9974600870827286
0.9951292618958412
0.9954215948111408
0.9955440029706647
0.9964552973611658
0.9981039059537353
0.9961494031574895
0.996031746031746
0.9956607495069033
0.9981391886862672
0.9952293577981651
0.9970824215900802
0.9943672549755914
0.9964580873671782
0.9959543949981611
0.995982468955442
0.9965921999242711
0.994475138121547
0.9956214213539912
0.9949330437929786
0.9955056179775281
0.994980694980695
0.996064541519087
0.9958333333333333
0.9981146304675717
0.9962121212121212
0.9962866691422205
0.9971469329529244
0.9942734430923408
0.9943714821763602
0.995274445656125
0.997275204359673
0.9977203647416414
0.9969992498124531
0.9973851326111318
0.9938650306748467
0.9964015833033465
0.9968287526427061
0.9951816160118606
0.9969408565601632
0.9960144927536232
0.9968774395003903
0.9953136265320837
0.995702005730659
0.9974274163910327
0.996551724137931
0.9942218798151001
0.9952267303102625
0.9963058736608792
0.9960738123282293
0.9962783773725344
0.9960176991150442
#20
0.9992378048780488
0.9964614295824487
0.998485422188565
0.9985196150999259
0.9980574980574981
0.9980995819080197
0.9963820549927641
0.9978463747307968
0.9988805970149254
0.9968713335940556
0.9985969835145563
0.9977703455964325
0.9981495188749074
0.9977761304670126
0.9992144540455616
0.9988994864269992
0.9984508133230054
0.9979367262723521
0.9985353350421091
0.99963113242346
0.9989010989010989
0.9981210071401728
0.9981203007518797
0.9984350547730829
0.9978157990535129
0.9973323170731707
0.997359486986043
0.9973968017850502
0.9985234403839055
0.9992684711046086
0.9981962481962482
0.9984520123839009
0.9981364144614238
0.997060984570169
0.9984905660377359
0.9973664409330324
0.9976599063962559
0.9971774193548387
0.9969512195121951
0.9985041136873598
0.9981426448736999
0.9981955972573078
0.9974035608308606
0.9992025518341308
0.9984962406015038
0.9985543910372244
0.9967069154774972
0.9985085756897838
0.9989082969432315
0.9973909802459933
0.9985678481919084
0.9985304922850845
0.9976057462090981
0.9982325910215624
0.9988501341510158
0.9996282527881041
0.9977810650887574
0.9966691339748335
0.9968298696724198
0.9988851727982163
0.9984532095901005
0.9992687385740402
1.0
0.9978213507625272
0.9981556621172999
0.9983673469387755
0.9968737788198515
0.9992236024844721
0.9977835241965275
0.9989297181591152
0.9985107967237528
0.9979317476732161
0.9980724749421742
0.9967923015236567
0.9965811965811966
0.9984484096198604
0.9987750102082482
0.9985364068788877
0.9981039059537353
0.9985358711566618
0.997434957860022
0.9985029940119761
0.9984326018808778
0.9979903536977492
0.998211091234347
0.9971459150909739
0.9976905311778291
0.9985950122936424
0.9991525423728813
0.99635435654393
0.9981160512434062
0.9984338292873923
0.9984038308060654
0.9982841455044612
0.9985102420856611
0.9974720115565185
0.9977349943374858
0.9973210868733257
0.9985085756897838
0.9987888574888979
#30
1.0
0.999252895031752
0.9992917847025495
0.9996203492786636
0.9987971130713713
0.9989200863930886
0.9996466431095407
0.9996522948539638
0.9988518943742825
0.9992063492063492
1.0
1.0
0.9992357661444402
0.9992633517495396
0.9993006993006993
1.0
0.9988146977479258
0.9992695398100804
0.9992523364485981
0.9991941982272361
1.0
0.9996316758747698
1.0
1.0
0.9988851727982163
1.0
0.9996312684365781
0.9988717562993606
0.9992553983618764
0.9985152190051967
0.9996405463695184
0.9991958182549256
0.9992360580595875
0.9984307571596704
1.0
0.9992484028560692
0.998972602739726
0.9989350372736954
0.9996355685131195
1.0
1.0
1.0
0.9992761491132827
0.9996526571726294
0.9996149403157489
0.9992481203007518
1.0
0.9995957962813258
0.9992429977289932
1.0
0.9996342355523044
0.9992354740061162
0.9988958410011042
1.0
0.9996387283236994
0.9992447129909365
1.0
0.999611801242236
0.9992887624466572
0.9995983935742971
0.9977957384276267
1.0
0.9996181748759069
0.9992671308171491
0.9996418338108882
0.9985369422092173
0.9989297181591152
1.0
0.9996400287976962
0.9992545657845695
0.998898678414097
0.9996423462088698
1.0
0.9992386752950133
0.999634636463281
0.9996092223524814
0.9988998899889989
0.999163529903806
0.9996210685865858
0.9992905285562256
1.0
0.9996405463695184
0.99894254494184
0.9992166079122601
0.9992248062015504
0.9992418498862775
0.9996025437201908
1.0
1.0
0.9984790874524715
0.9996086105675147
1.0
0.9996168582375479
0.9996281145407214
0.9984152139461173
0.9992283950617284
1.0
1.0
0.9992242048099301
0.9993120055039559
