#1
0.8883508971802905
0.8915456874466268
0.8702121796638193
0.8895209580838324
0.8880510440835266
0.8824561403508772
0.8923654568210263
0.8766177739430544
0.8786093105480259
0.8829817971684484
0.8823006225911652
0.8893669330055316
0.8725212464589235
0.8804744525547445
0.8808962264150944
0.881900967558338
0.868138251524833
0.8837492391965917
0.8773584905660378
0.8779019776440241
0.8868886888688869
0.888265019651881
0.8814093382984818
0.884185773074662
0.8734971249346576
0.8871304867124514
0.8803263825929284
0.8883847549909256
0.8703602620087336
0.880056179775281
0.8859576806815059
0.8973897389738974
0.8822320117474303
0.8818875388527833
0.8889878302166815
0.8813038130381304
0.8801369863013698
0.9010876954452753
0.8878253066108286
0.8832612723903644
0.8867977528089888
0.8792906178489702
0.8830831408775982
0.884852036331673
0.8774324716816729
0.8809234507897934
0.8851983231215736
0.8906969603929997
0.8812324929971989
0.8813278008298755
0.8810206422018348
0.89062945029906
0.8752244165170556
0.8993066023515225
0.8722054380664652
0.8963006117098747
0.8733934919332786
0.881431105854524
0.873259448707019
0.8953741074200559
0.8778375149342891
0.8733098177542622
0.8806978052898143
0.8988799004355943
0.8776830344016465
0.8919925512104283
0.8782287822878229
0.8943952802359882
0.8838526912181303
0.8887662158432238
0.8958803611738149
0.8842756183745583
0.884004884004884
0.8946428571428572
0.8787198203256598
0.8817137534927041
0.8799887577290613
0.8717124488603156
0.8769274700171331
0.8797783933518005
0.8880438089443261
0.8848899464604402
0.8900602409638554
0.8658469945355192
0.8906439854191981
0.8747870528109029
0.8876961189099918
0.884318766066838
0.8737163474882043
0.8823697767601603
0.8787786259541984
0.8819223424570337
0.8765060240963856
0.8863495985176034
0.8880526810912511
0.8751062022090059
0.884
0.8841654778887303
0.8927214264834844
0.8866362078812108
#3
0.9072259644825474
0.9209717097170972
0.9179197994987469
0.9114043355325165
0.9145489199491741
0.9075968992248062
0.9106779167878964
0.9080859128237524
0.9184709066305818
0.9155803848541278
0.8967642526964561
0.9068213783403657
0.9023383768913342
0.9107361963190184
0.9169139465875371
0.9062396830637174
0.9107759974866478
0.9128014842300557
0.9073492462311558
0.9181902696002479
0.9154275092936803
0.9132699969353356
0.9076727156956383
0.9209852847088932
0.9179487179487179
0.9092275323113916
0.9055188962207559
0.9101049868766404
0.9089747684445864
0.9102439024390244
0.8983777165595347
0.9147621988882026
0.9036565977742448
0.9052829009065333
0.8997078870496592
0.9165109034267913
0.9216300940438872
0.9235605559232296
0.911163258464633
0.9083969465648855
0.9159363842908147
0.903610771113831
0.9109034267912772
0.9070052003670848
0.9081572769953051
0.9176470588235294
0.9053843759726112
0.8932362754018806
0.9096875
0.9068468997942991
0.9259140474663246
0.9156626506024096
0.9135802469135802
0.9119760479041916
0.8994914747233024
0.8957093642342624
0.9042145593869731
0.9016491754122938
0.9125073399882561
0.9070464767616192
0.9096488237299694
0.9082739386427022
0.8990417522245038
0.9090289608177172
0.9122442929143196
0.91808981657179
0.8912442396313364
0.9077611940298508
0.9018483110261313
0.9231984829329962
0.9214262132717068
0.9061479061479062
0.9201030927835051
0.9120610687022901
0.9102259215219977
0.9078681909885676
0.9163718237375362
0.9035061432424333
0.9291504052836986
0.9151607963246554
0.910665451230629
0.894703656998739
0.9063658838071693
0.9136041263700838
0.9059035061432424
0.9098634294385433
0.9158259773013872
0.8989655172413793
0.9022822243651559
0.9209564928595151
0.9105524700380005
0.898267716535433
0.9136533665835411
0.9163520185884403
0.9078903928689337
0.9096045197740112
0.9091450700029788
0.9077069457659372
0.9179829890643986
0.9104239719477207
#5
0.9316093909493025
0.928639391056137
0.9223759703003712
0.9321928460342146
0.9223612447866538
0.9290236587804065
0.9382324992081089
0.9375199234937839
0.925008843296781
0.9385560675883257
0.9324324324324325
0.9271267102914932
0.934739617666447
0.9427033871478316
0.9303333333333333
0.925710791806787
0.9327676240208878
0.9412134548883999
0.9413829413829414
0.935820895522388
0.9288501951365956
0.9251319261213721
0.9326518340348767
0.9284025667004391
0.9290853031860226
0.9336734693877551
0.9409916201117319
0.925215723873442
0.9264448336252189
0.9392812887236679
0.932137030995106
0.9356839699640875
0.9224880382775119
0.9389841688654353
0.9341534008683068
0.9327541827541828
0.9279915284151077
0.9287954830614805
0.9349150368707919
0.9384565288179746
0.9254385964912281
0.9333333333333333
0.9317647058823529
0.9362745098039216
0.9320094244362168
0.9357739242132306
0.9339378238341969
0.9178038717867344
0.9210245464247598
0.9384973404255319
0.9405572755417957
0.9281476598549769
0.9316582914572864
0.9394995248653786
0.9277955271565496
0.9399269830733489
0.9270603094411115
0.9328358208955224
0.9361044314668499
0.9307470343058672
0.9348450974129671
0.9303264893975093
0.9321113374066531
0.9349542153457531
0.9296800760215395
0.9378964941569282
0.9365517241379311
0.9261968085106383
0.9231015700096123
0.9411764705882353
0.9391493325054331
0.9332709697536639
0.9354417998043691
0.9218390804597701
0.921455938697318
0.9308862433862434
0.9311631061376738
0.9294303797468354
0.9262213359920239
0.9377017430600387
0.9382759843916282
0.9319218241042345
0.9435757987763427
0.9235026041666666
0.9325522482583913
0.9375965400061785
0.9315741024854249
0.9243475388173109
0.9353023909985936
0.9274079320113314
0.9285714285714286
0.9282496782496783
0.9321976149914821
0.9410602568324004
0.9355857278181244
0.9221324717285945
0.9179036655558922
0.9275717284814555
0.9326296181310152
0.9299967288191037
#7
0.9526584122359796
0.9477789081044422
0.9359154929577465
0.9444058373870744
0.9403089887640449
0.9484463276836158
0.9476614699331849
0.9408637873754153
0.9541047188106012
0.9487632508833922
0.945391304347826
0.9431023521932613
0.9461206896551724
0.9567358424199789
0.9574468085106383
0.9419073203492276
0.9490274983232729
0.9557609772202047
0.9537695590327169
0.9468805704099822
0.9383050847457627
0.9545454545454546
0.9450897571277719
0.944041450777202
0.9379795396419437
0.9379537953795379
0.9389956184698348
0.9478795726772419
0.9450623525446579
0.9526176275679258
0.945662241432541
0.9426146010186757
0.9446242358863718
0.9363037339190461
0.9446480938416423
0.9405772495755518
0.9516806722689075
0.946958981612447
0.9445544554455445
0.9493298463550179
0.9439840901557839
0.9497574497574498
0.9543010752688172
0.9456272518833934
0.9493146318138349
0.949696151249156
0.9379872430900071
0.9433224755700326
0.9541484716157205
0.9407155025553663
0.9423197492163009
0.9494845360824742
0.9400340715502555
0.945417095777549
0.940236275191105
0.9464101683270354
0.9467902506007553
0.9431148109608047
0.9591558883594282
0.9538612565445026
0.9558107167710508
0.9479489831092727
0.9459824442943957
0.9396062729396063
0.9450699419993176
0.9556918882072256
0.942866688940862
0.9470284237726099
0.9520999652898299
0.937949052906597
0.9519764782750735
0.9457337883959044
0.9510713143588103
0.9477533960292581
0.9534803583735355
0.9418950148563883
0.9533594259621657
0.9495888451912764
0.9486023444544635
0.94272
0.9423517851293809
0.9482210927573063
0.9499668654738237
0.9279635258358663
0.9441176470588235
0.9456384323640961
0.9454479768786127
0.9379586390927285
0.9485791610284168
0.9393112853733379
0.9498515341471462
0.9495741056218058
0.9421232876712329
0.9408496732026144
0.9403085177733065
0.9440684004275026
0.9490358126721763
0.9438405797101449
0.9486074270557029
0.9437890353920888
#10
0.9574468085106383
0.964562942963213
0.9645034062387953
0.9591549295774648
0.9578544061302682
0.9624862081647665
0.952697967764541
0.9595229490422841
0.9574759945130316
0.9666557698594311
0.9629496402877697
0.9551196808510638
0.9615646258503401
0.9565363881401617
0.9617712647339918
0.9572266298723697
0.9493399928647878
0.9598579040852575
0.9593253968253969
0.9523156089193825
0.9613544350386456
0.9601473543201607
0.96045197740113
0.9590892920668801
0.9625300790649708
0.9601662625562868
0.9545143638850889
0.9533661740558292
0.9541062801932367
0.9624217118997912
0.9632377740303542
0.9550209205020921
0.9667013527575442
0.9571244358478401
0.958436944937833
0.9642335766423358
0.9577817531305903
0.9661568499837293
0.9627567003132614
0.9578794480755265
0.9615653389238294
0.9585906284053759
0.9585719097339171
0.9602757715036113
0.9681574239713775
0.9554558011049724
0.9572564612326043
0.9580668088130775
0.9616074632221027
0.959551325628824
0.9609756097560975
0.9643122676579926
0.9584931984652947
0.9576859504132231
0.949718574108818
0.9611408199643494
0.9673839946200403
0.9588550983899821
0.9608465608465608
0.9596349596349596
0.952648193616275
0.9627737226277372
0.9582016157358623
0.9604841580633677
0.9475298126064736
0.9642477876106195
0.9567421426157485
0.9614022662889519
0.9540687160940325
0.9631288766368022
0.9529012810851545
0.9547465124191902
0.9642346208869814
0.9626479289940828
0.963758389261745
0.9585492227979274
0.9563829787234043
0.9589941972920696
0.9600954979536153
0.9568240029271863
0.9626497533474278
0.9628024557602023
0.9633286318758815
0.9547945205479452
0.9594771241830066
0.9641097818437719
0.9584728734092431
0.960253841015364
0.9602023608768971
0.960602946214457
0.9655754303071211
0.9582358837287003
0.9653047989623865
0.9631055502085338
0.9566122874002083
0.9559633027522936
0.9583749583749583
0.9598710139734862
0.9654939106901218
0.9571727019498607
#15
0.9748542274052479
0.9768747935249422
0.9684835001853912
0.9714709151537606
0.9745481372187385
0.9706341768197438
0.9777542372881356
0.975
0.9734415344891184
0.9740582800284293
0.9700476514635806
0.9684519442406456
0.9755586592178771
0.9728440366972477
0.9690391459074733
0.9765684051398337
0.974349302150132
0.9735486087255238
0.9710444674250258
0.9751295336787564
0.9767272727272728
0.9744218640504555
0.9748633879781421
0.9728571428571429
0.9681486396814863
0.9725036179450073
0.9723589549413101
0.9739258171134778
0.9733377221856484
0.9756011315417256
0.971546237364283
0.9780600461893765
0.9701699618453
0.9793253536452666
0.9729448491155047
0.96898355754858
0.9749559082892416
0.9742895805142084
0.9810395554102648
0.9760239760239761
0.9697175910173529
0.9717223650385605
0.9758581667295361
0.9709418837675351
0.9729173808707576
0.9660228898426323
0.9689028651292803
0.9714184897671136
0.973181484202792
0.974837971788029
0.9753483386923901
0.9741506646971935
0.9695185313474195
0.9698621352997756
0.9731163777856385
0.9746212121212121
0.9762264150943396
0.9719529085872576
0.9713708319299428
0.981
0.9790840245221781
0.9747492217225874
0.9734717416378316
0.9699896516040014
0.9714874613534867
0.9741226515420064
0.9785365853658536
0.9739304812834224
0.9726230114687384
0.9687836383207751
0.9726411785338478
0.9786324786324786
0.9789755351681957
0.9702683103698332
0.9748328745576091
0.9749079959852793
0.9688101655756642
0.9726875455207574
0.9783001808318263
0.9730447987851177
0.9763970843457133
0.9765934461649262
0.9749731855559528
0.9747252747252747
0.964857341684064
0.9770840252407837
0.9758351101634684
0.9755914382275629
0.9693877551020408
0.9724943481537303
0.9760910815939279
0.9769911504424779
0.9704626334519573
0.9735074626865672
0.9747172322022621
0.9759414225941423
0.9763560500695411
0.9747440273037543
0.9715743440233237
0.9748843357567746
#20
0.9764453961456103
0.9804200783196867
0.9841541755888651
0.983742774566474
0.9826782145236509
0.9794970986460348
0.9839857651245552
0.9793553060485332
0.9821810406272273
0.9815374286673381
0.9775862068965517
0.9848071679002727
0.9819587628865979
0.9784145887606996
0.9796289559839941
0.9844540853217643
0.9808248914616498
0.9816341829085458
0.9836431226765799
0.9808595160707837
0.9853242320819112
0.9858961128310973
0.9841521394611727
0.9802555168408827
0.9822064056939501
0.9831068674256335
0.9853361945636624
0.9849083722601509
0.9766403297835795
0.9813153961136024
0.9775561097256857
0.9745827010622155
0.9827002632568634
0.9821740650122335
0.9778270509977827
0.9846659364731654
0.9768326417704011
0.9809763101220388
0.9851632047477745
0.9841840402588066
0.9817916970138383
0.9819787985865724
0.9815512048192772
0.98195211786372
0.9854368932038835
0.982803738317757
0.9844173441734417
0.9792294807370184
0.9801860088960777
0.9888931443891229
0.9887843704775687
0.975328947368421
0.9803253878168747
0.9845531445384332
0.9779462439696761
0.9779959377115776
0.9798994974874372
0.9803104884513442
0.9840740740740741
0.9816481994459834
0.9830312379483224
0.9835164835164835
0.9838209982788296
0.9773071104387292
0.9804428044280443
0.9770156877052171
0.9779951100244498
0.9808350444900753
0.9801423754215062
0.9842334786984234
0.9799295774647887
0.9821753364859949
0.981139489194499
0.9814949201741655
0.9832869080779945
0.9871841816184548
0.980882864094543
0.979059515062454
0.98671875
0.9802158273381295
0.9822834645669292
0.9793434157137587
0.9842350412038696
0.9803392444101773
0.9855647780584627
0.9842670759785112
0.9853217914941663
0.9863445378151261
0.9821802935010482
0.984363894811656
0.9830028328611898
0.9777200148533234
0.9810017271157168
0.983230040102078
0.984254851702673
0.9824624194702934
0.9798820672910163
0.9828593689131282
0.9797872340425532
0.9802680565897245
#30
0.9854862119013063
0.9901095019427764
0.9896836313617606
0.9880077369439072
0.9941584519897773
0.9909874608150471
0.9904458598726115
0.9876933895921237
0.9915449654112222
0.9905288082083662
0.9911209766925638
0.9916698220371072
0.9888005780346821
0.9907692307692307
0.9878649981039059
0.9896650035637918
0.990990990990991
0.9901925172539048
0.9920060905976399
0.986013986013986
0.9897151898734177
0.9906646751306946
0.9898167006109979
0.9918908956874309
0.9881491808992681
0.9879608728367193
0.9905956112852664
0.9893129770992366
0.9918064767850175
0.9870892018779343
0.9884892086330935
0.9877300613496932
0.9921996879875195
0.9885795860099929
0.9900391319815013
0.9893992932862191
0.9929552659387109
0.9878833775085195
0.992057761732852
0.988118052893829
0.9893767705382436
0.9855341246290801
0.992108229988726
0.9911958914159942
0.988231338264963
0.9904661016949152
0.990149580445093
0.9927975739196361
0.9910011248593926
0.9910913140311804
0.9923830250272034
0.989485542621104
0.9877460081693279
0.9891724671307038
0.9898440333696047
0.9906396255850234
0.9885673454805287
0.9891426432047922
0.9906876790830945
0.9908386187455955
0.9894179894179894
0.9886113152094048
0.9821428571428571
0.9882753403933434
0.991240364400841
0.9928647877274349
0.9890648567119156
0.9921791681478849
0.9897476340694006
0.9910581222056631
0.9889240506329114
0.9905175819834058
0.9891100262861434
0.9882016446192349
0.98761835396941
0.9874260355029586
0.9892857142857143
0.987892546348846
0.9915526950925181
0.9906960716747071
0.9938091769847051
0.9904936014625229
0.9895600298284862
0.9901719901719902
0.9859415464298927
0.9889464594127807
0.9878095238095238
0.9881679389312977
0.9890988372093024
0.9877493874693735
0.9866171003717472
0.9881610102604578
0.9888030888030888
0.9884974838245866
0.9885556432517758
0.9921787709497206
0.9868092691622103
0.9900426742532006
0.9923217550274223
0.9894468704512372
