#1
3.484160435570043E7
3.748147613154253E7
3.653510471839133E7
3.62231329824602E7
3.697586634583059E7
3.849731365018907E7
3.7129665040883124E7
3.641008038534844E7
3.533082679718989E7
3.573621194571841E7
3.6228960851184815E7
3.6168422474360704E7
3.681830725973225E7
3.6371939940271944E7
3.789479477133188E7
3.613781275163412E7
3.633591243254641E7
3.561378360002893E7
3.6986343038520455E7
3.5942428027612746E7
3.566450806372574E7
3.625972618260643E7
3.569214168412587E7
3.7047904295580894E7
3.704334197517514E7
3.699776373477101E7
3.592366997803974E7
3.713573663784063E7
3.613860978819743E7
3.795385884162444E7
3.575160623216978E7
3.67762318585698E7
3.66113856788595E7
#3
3.509400651986481E7
3.374016083074978E7
3.435599583634481E7
3.411007501716998E7
3.492402594465834E7
3.311085992462969E7
3.4896823885706306E7
3.471958498918739E7
3.499935481402436E7
3.609725000675431E7
3.479388961004582E7
3.220786132731548E7
3.5489309118836045E7
3.4612131445741385E7
3.547371146865061E7
3.36003392621685E7
3.438724793436858E7
3.416599772493276E7
3.441209802101299E7
3.39896901465987E7
3.484071967646921E7
3.349880095010045E7
3.5303552820933044E7
3.490942161612028E7
3.485120293048847E7
3.40356618188003E7
3.412440191789693E7
3.457133348003161E7
3.606947362342492E7
3.4241662110667616E7
3.467032464093518E7
3.423142521130568E7
3.2760712152745575E7
#5
3.3450027925894707E7
3.318886984289217E7
3.42846785754413E7
3.2188644416347772E7
3.359803832686937E7
3.2050827490396857E7
3.525433435680932E7
3.369082976140219E7
3.38519929457311E7
3.346090113254732E7
3.3245854971848667E7
3.3123605573048025E7
3.31071697062048E7
3.3786620472049266E7
3.2780000561545283E7
3.5597572731787205E7
3.4092288634376764E7
3.2839222885365844E7
3.3003761681794435E7
3.2532261947413802E7
3.2739149403757364E7
3.2794981090830177E7
3.440997697615126E7
3.367541162267518E7
3.484427544808307E7
3.345208014673975E7
3.2355380235117227E7
3.461116578754136E7
3.086844333267197E7
3.3882329782009184E7
3.357711471252939E7
3.471354008198038E7
3.358969887315577E7
#7
3.1948208103315532E7
3.361734017359874E7
3.2259149518426538E7
3.2755667474199772E7
3.3002108625722945E7
3.174356235050869E7
3.251069224260816E7
3.1886752878884822E7
3.3371600851444155E7
3.3120753566580087E7
3.2981597544881433E7
3.2700648361137003E7
3.315146481060487E7
3.283236922247663E7
3.2825208547406763E7
3.3117226492869705E7
3.2317304452278346E7
3.2067759425397098E7
3.260564574966538E7
3.3257897508025736E7
3.433399673659819E7
3.346465426174611E7
3.436923349507159E7
3.4172582160915345E7
3.2608518801464885E7
3.400205467458871E7
3.3398190754680276E7
3.387793042243615E7
3.35899274807497E7
3.4035355289529115E7
3.284942514439559E7
3.244008390610215E7
3.3004581312042207E7
#10
3.1324356107174635E7
3.249120709925133E7
3.294381198877144E7
3.1381518182991654E7
3.128951013106361E7
3.2766604435315937E7
3.2605825107125044E7
3.1807910752618343E7
3.3324675027846336E7
3.3261968324104875E7
3.0175323258817255E7
3.1820651414414495E7
3.3299425767532557E7
3.310744975447485E7
3.2813040754942417E7
3.2321145009047717E7
3.346606802559793E7
3.3435148995934546E7
3.269548001486072E7
3.3306369018311888E7
3.2208553614115566E7
3.2021941268295765E7
3.36612586623196E7
3.272366923298031E7
3.2451871921184063E7
3.3192931127025962E7
3.2818495779905677E7
3.295937906993419E7
3.181527850284612E7
3.2599164468991578E7
3.2648905783941507E7
3.156692543586132E7
3.298256447887203E7
#15
3.173262762288353E7
3.2418896262577504E7
3.2630599844820946E7
3.2104830048536003E7
3.1140551097706586E7
3.357357300607413E7
3.2752253447684705E7
3.1320924712470263E7
3.2903095066386312E7
3.218095450895101E7
3.21967034930225E7
3.2973507701150358E7
3.2184048611590683E7
3.2690955048720002E7
3.2265851169096082E7
3.1701803153703958E7
3.330910812839386E7
3.284735690392229E7
3.2578546114702284E7
3.265541386665541E7
3.1840108971277088E7
3.0106306840892583E7
3.2611036053544164E7
3.1932590367966592E7
3.3159757019542605E7
3.2726538679371625E7
3.267998975802532E7
3.316771107321936E7
3.3102848976790935E7
3.3139276666238308E7
3.3389438897654325E7
3.1288406166971773E7
3.184550002920878E7
#20
3.215597355902204E7
3.08740256484915E7
3.1824068016132116E7
3.3316421098208785E7
3.2390529200119525E7
3.211968387078175E7
3.2756916085615933E7
3.217890023843506E7
3.228118418052998E7
3.2213326226885676E7
3.1514393722245812E7
3.2028454185212374E7
3.261031108749479E7
3.2065372211666733E7
3.131946916186273E7
3.1811496706447363E7
3.3327678253566474E7
3.2482288021636248E7
3.2373267688643664E7
3.260992939265719E7
3.1545125949775636E7
3.2891845771140754E7
3.1669631969079763E7
3.4150382190051734E7
3.071846921341601E7
3.3104809746035725E7
3.305435280322945E7
3.2261239394865364E7
3.2517393419103652E7
3.2607882277133614E7
3.2769926532731563E7
3.163224619576183E7
3.207430668669042E7
#30
3.190199280667582E7
3.3048721646384418E7
3.1828390039849967E7
3.281796252945909E7
3.2405616728963524E7
3.2515332375282526E7
3.1840334886764377E7
3.2202219673711717E7
3.127600147866717E7
3.3302129401927114E7
3.274911684537801E7
3.2846778015128464E7
3.3277347577456534E7
3.2733826340218216E7
3.403058580492094E7
3.2855444389164448E7
3.1863299363888294E7
3.175713649677801E7
3.3263318312728018E7
3.2999678415702224E7
3.2556872699685216E7
3.2220658232614517E7
3.2669798953855723E7
3.233682466598314E7
3.1605525859330952E7
3.2046000998010725E7
3.1779931591481835E7
3.1320560809569955E7
3.196835035335803E7
3.326951728344807E7
3.0972299118585795E7
3.2967822368770838E7
3.229362722765422E7
