#1
3.399915068880987E7
3.3756972168623954E7
3.246619620874393E7
3.459838342391306E7
3.44573716918408E7
3.2607321218685776E7
3.5543155204417616E7
3.373422953194553E7
3.4851752209058136E7
3.400542833413732E7
3.364286216000193E7
3.430371684481564E7
3.379339565051767E7
3.441488900465548E7
3.2354789319379717E7
3.5612071219634145E7
3.331403560869947E7
3.485042151287162E7
3.4770951643368065E7
3.486131434836084E7
3.487170159479034E7
3.4528193656888336E7
3.393267303723872E7
3.591964483378127E7
3.4803251222836375E7
3.5657500431019485E7
3.312977726691851E7
3.430414232873833E7
3.3392620290405124E7
3.4513903857198E7
3.498482693224123E7
3.52528391963481E7
3.418814059422371E7
#3
3.11454259006328E7
3.337268530179593E7
3.279933921321389E7
3.3245694538636386E7
3.110644552169788E7
3.187022515828514E7
3.1986265865954965E7
3.3464969243280977E7
3.2913937195739508E7
3.292171866925317E7
3.351598728895247E7
3.3317476677873462E7
3.317912530398336E7
3.2337108650860816E7
3.413058802681777E7
3.440148686938986E7
3.36066083384639E7
3.2146134152224123E7
3.2030252325638205E7
3.4122860769554526E7
3.305062597606677E7
3.1675392712468743E7
3.390046451885551E7
3.378055941119072E7
3.386027018140921E7
3.2552171300426513E7
3.3982888574218065E7
3.3387450524012625E7
3.2488358454839855E7
3.341219328293985E7
3.15177355512996E7
3.164904211267385E7
3.2633277752057523E7
#5
3.2041614652014792E7
3.1716014247521996E7
3.2214718630369484E7
3.3400700220108837E7
3.2691353223491818E7
3.1843171075363845E7
3.347801734606442E7
3.1686862715343833E7
3.31294864294568E7
3.376173536057854E7
3.406229386365616E7
3.2605622362291664E7
3.3184248826335937E7
3.42443411939469E7
3.2242860449933454E7
3.356052703768775E7
3.2529176630593836E7
3.3088013261253655E7
3.2325410631457597E7
3.262437198398736E7
3.211753300127095E7
3.2663209195239633E7
3.2164175417855054E7
3.33571459270235E7
3.2390406383950442E7
3.0944544018282652E7
3.3682402889970034E7
3.3700814830029756E7
3.273741578562972E7
3.284140275574985E7
3.1261013783322573E7
3.2821116492200553E7
3.2589461824087948E7
#7
3.246853710677433E7
3.1361831692147583E7
3.2825918470973253E7
3.297959190880698E7
3.161575684963274E7
3.1527355428238034E7
3.414186233112797E7
3.3479878880969435E7
3.1806144168743134E7
3.193325263122645E7
3.221748623158586E7
3.1423053252984703E7
3.261469771194452E7
3.232346984913987E7
3.2899222360242337E7
3.1464289496803254E7
3.1207242127477974E7
3.2854470966269463E7
3.2094315038834363E7
3.4025013667794675E7
3.195059641922003E7
3.23822276245493E7
3.2693122319780678E7
3.150738158423522E7
3.1868940814560145E7
3.195496498810914E7
3.205599747418776E7
3.215825221424809E7
3.2417723343030542E7
3.014628147319731E7
3.167294180429381E7
3.286187721406567E7
3.0203209080960274E7
#10
3.2847435385184526E7
3.1529408523445398E7
3.318743824755925E7
3.2999563696062952E7
3.3240778487163574E7
3.1663853898433328E7
3.2377804521270275E7
3.2317318967243135E7
3.1573562908368677E7
3.192722816660714E7
3.224157950865081E7
3.1833258080180526E7
3.323071860838884E7
3.217282835656473E7
3.288761423613453E7
3.2963695242883533E7
3.332069036841461E7
3.2213584188236564E7
3.2211366563448608E7
3.2495880445886225E7
3.2716535605004936E7
3.2693967619776964E7
3.1647858026220918E7
3.155855096226284E7
3.306711784150037E7
3.135756593720734E7
3.2363015070519537E7
3.3990056566354394E7
3.29711450116134E7
3.2046668045084238E7
3.306069061829719E7
3.1009967591694027E7
3.2686070334653556E7
#15
3.2168287890115142E7
3.1981781538682938E7
3.2560967681361437E7
3.20506167681216E7
3.249529743124205E7
3.0676516092637986E7
3.2335624160238057E7
3.2004024394441813E7
3.255977639443767E7
3.3071079291456163E7
3.258860955338207E7
3.1170044232335508E7
3.3310381269111425E7
3.3101718181139946E7
3.209883525509137E7
3.3376506464968085E7
3.2751541453022093E7
3.263244549475023E7
3.2026529161576957E7
3.295553674229318E7
3.274686908696258E7
3.306807993479222E7
3.1709669650586396E7
3.3206537529203743E7
3.3173014153181255E7
3.189182441359207E7
3.1482943561208904E7
3.266511342167008E7
3.1753429388360113E7
3.2077256408621103E7
3.219356595519322E7
3.201997638540615E7
3.317901343740204E7
#20
3.2850827577219218E7
3.2838793435507715E7
3.2691492849233776E7
3.2565361873329967E7
3.2613941696085155E7
3.3650024504579276E7
3.3456997801316053E7
3.2486616866660893E7
3.1223431588053346E7
3.283055691927266E7
3.1796882938382953E7
3.3145187120477557E7
3.20463859006716E7
3.3150053954549253E7
3.3070897396974385E7
3.2246453396011412E7
3.250125471175906E7
3.223988795421508E7
3.0901992331533283E7
3.2644968353486627E7
3.2521654708141476E7
3.1755178697069585E7
3.350176279813662E7
3.3454917382731915E7
3.2125803893048912E7
3.2847766161089838E7
3.1763180906312943E7
3.3214081505154267E7
3.251020413241723E7
3.330238447023207E7
3.2485030203241825E7
3.277427579700011E7
3.232245263725233E7
#30
3.17165163305389E7
3.006095607823375E7
3.2831664937159985E7
3.2927295876210183E7
3.2978193469081253E7
3.327645850988674E7
3.211080815710956E7
3.26525756258187E7
3.132132887764156E7
3.0615334090747297E7
3.207812081327954E7
3.1014243142326325E7
3.2766831029636532E7
3.2909947943581402E7
3.1488605448317885E7
3.2770368317765325E7
3.212184387983501E7
3.2327350615237176E7
3.366701793710956E7
3.302437796683833E7
3.366579348731759E7
3.0568626901825994E7
3.2175712744660825E7
3.3285891864613652E7
3.1406856347599715E7
3.2403508364338785E7
3.1952875504036188E7
3.2350060448667794E7
3.1846505660411596E7
3.294335114870578E7
3.2342729056219608E7
3.1052837976318866E7
3.1712341634123594E7
