#1
9083232.322915703
8828987.742700428
9292057.543798417
8667250.468351364
8880500.350224495
8874727.319957614
8723796.62613988
8873738.01999566
9385441.56714812
9049733.31526798
8709711.036649346
7967764.767201841
9167490.640337437
8665812.328567654
9110178.44048363
8533905.688322872
8633163.246566981
8488853.85729897
8226534.8818412125
8164591.372221261
8939891.593660712
9005933.415489346
8202054.110132933
8802235.434866756
9167692.495503008
8849982.57345745
9476313.542772263
8825368.223402828
8806986.833969593
9402106.89653349
7430116.648062497
8721379.229614466
9257056.445300996
#3
8297041.787500083
8744881.85880956
7473701.479800135
8067745.335199624
8017957.059115827
8486144.588695318
8398229.230288267
7973298.18657285
7910698.738654107
8065004.162917346
8364238.176212132
8331508.816778183
7935314.377880037
8068910.167044729
8196715.691616118
8894496.286901504
8592475.936355442
7801832.62797904
8474418.006651878
8747052.705093116
8326794.005925626
7841204.43004024
8528049.0962103
8012652.545342356
7758901.135728568
8475891.98339054
7983626.888765484
7129771.04459399
7500655.709197193
7487825.203944415
8160988.514074624
8145235.062428892
7856506.872340411
#5
7097853.621860862
7775926.923662245
8327823.562550873
8388410.070697099
7785893.948117316
7410390.479159385
7367367.221191406
7835191.166861415
8009603.417127281
7396199.232261121
7664400.808910251
8248116.435371965
8363100.593060911
8011092.319784045
7460860.262666613
7810280.359466761
7704421.688401133
8050037.204098642
7160899.485350043
7693424.390442789
7902516.446818829
7927946.127259612
8318921.52721256
7820995.688399434
7919794.6502170265
8910636.405522019
8760344.244404465
7293242.216665775
7267901.836185604
7966046.171273142
7504523.2767621875
7344781.303253889
7896446.457955599
#7
7835946.426521033
7140050.529459536
8221180.770040512
7590295.995977104
7953333.967199653
7359431.70425123
6819665.449107438
7702163.79482764
7678942.013884306
7556878.380719125
7760169.834084928
7772516.343732387
7526266.159971356
7473566.789662063
7621042.001901984
7467366.166720301
7959642.581429601
8087717.256898373
8270779.812552452
7353425.160891652
7636931.846518636
7090400.874328673
7396183.570951581
7195171.83575061
7459585.944216013
8166256.179663599
7724139.602808952
7726573.702953279
8257524.763230264
7428655.790423065
7610116.948376298
7045217.4294528365
7665091.142789125
#10
7105450.426200628
7511908.821832895
7208185.02774936
7843228.077245593
7986633.917822599
7488948.595865697
7076305.116823554
6818417.932425499
6944890.861689717
7166213.095124602
7354848.264250517
7723136.445197761
7111501.771336913
6810229.228515565
7040415.400019646
6904571.560339719
7280295.635933161
7409639.249969959
7588973.563403785
7650650.297321141
7420812.420350879
7737698.360947967
7438739.864320099
7599117.345988691
7510339.619787097
7105600.664217353
7754447.653841704
7065524.831789106
7641821.241806924
6971269.80602932
7136083.4710505605
7928184.202480048
7973049.972147435
#15
7123504.540885448
7353947.390978783
7111441.585723579
7311687.599244297
7235818.691061616
7993837.605857849
6916292.300103307
7767294.819980174
6715535.935535431
6807488.769292653
7807519.9852359295
7443674.11678344
7111992.851051867
7408563.609805763
7374377.287377924
6785098.353878975
7200384.417426467
7282943.14173013
6806452.833862603
7532755.4969525635
7125386.866098404
6875448.705398619
7562620.896516502
7478656.720740795
7717872.784045458
7882550.811030865
6844736.1013691425
7194346.884220362
7236058.389003217
7472685.065309465
7314876.772772849
6937352.381634414
6931074.436576009
#20
7623133.992398411
7478360.804398298
6805731.780170202
7522482.5838544965
7324726.572997391
7299714.341189951
7255306.754287541
6974782.218450487
7289490.986834407
7476677.21623224
7088786.243005782
6925527.893509805
7281874.829995841
7455972.801403642
7004225.486666322
7100781.163355291
7053627.361446798
7115150.302365303
6900751.745531201
7013990.935149908
7354417.712557554
7185951.486074746
6923380.88064301
6941247.7206797
7095160.953001142
6653047.446584344
7089295.295887113
7205441.591118336
7122733.73595053
6876780.477984846
7376157.482515454
6785427.776368171
7490452.035405993
#30
6390591.020084292
6814722.641023636
6976234.5302968025
6900419.08716175
6781953.479741871
7278362.878781319
6904851.946200371
7191450.939289212
6748044.80381906
6846981.094167173
7037262.724574089
6652712.120815426
6872405.943107307
7853647.0144402385
6658042.620052457
7267804.181796759
7102379.951806426
7213752.150264323
6666090.585922837
6950026.095850825
7040611.851619542
7153967.870154083
7436042.840484202
7172407.975355476
7016008.719038844
6850325.105860233
7335607.039047897
7421037.589805067
6610478.305167496
6899334.436216146
7052599.239626348
7164382.071987033
6848094.817578167
