#1
0.9560761346998536
0.9675874769797421
0.9583469990160708
0.9640534063676823
0.96875
0.9640535372848948
0.9683048433048433
0.9664429530201343
0.9653482674133707
0.9631336405529954
0.9584711503123852
0.964260686755431
0.9598366235534377
0.9663359319631467
0.968138068370395
0.964962459778334
0.9613686534216336
0.9645748987854251
0.9710632570659489
0.9646169701133631
0.9597599717613837
0.9656880084895649
0.9635376260667183
0.9595775673707211
0.9650997150997151
0.9623675557179393
0.9675009338812103
0.9626297577854671
0.9610299234516354
0.9685725104127224
0.968707015130674
0.9673684210526315
0.9610881542699724
#3
0.9852719033232629
0.9858989424206815
0.9885974914481186
0.9877653832313782
0.9836734693877551
0.9904306220095693
0.9881337648327939
0.9885496183206107
0.9882930513595166
0.9887260428410372
0.9841660802251935
0.9920574886535553
0.9857853589196873
0.9877034358047017
0.9879032258064516
0.9884251139950895
0.9854756717501816
0.988479262672811
0.9888392857142857
0.9881787957148135
0.9857853589196873
0.9876586741889986
0.9873652917131178
0.9880174291938998
0.9798111364376425
0.9868092691622103
0.9884929472902747
0.9841433988279904
0.9876219054763691
0.9854492542742815
0.982544608223429
0.9893899204244032
0.9847549909255898
#5
0.9946605644546148
0.9948510481794778
0.9937780850328379
0.9940161914818726
0.9937044400265076
0.9922269724057521
0.9938091769847051
0.9931752873563219
0.993907083015994
0.9955079474775398
0.9946409431939979
0.9956011730205279
0.9927175162897662
0.995777621393385
0.9936802973977695
0.9924785100286533
0.995966263292996
0.9974311926605505
0.9945295404814004
0.9938884644766998
0.9911823647294589
0.9958079268292683
0.9946638207043756
0.995569875151027
0.9950477538026176
0.9918383210260396
0.9958364875094625
0.9947722180731889
0.993490054249548
0.9929769801014436
0.9948453608247423
0.9953395472703063
0.994267287710498
#7
0.9976209357652657
0.9970227018980276
0.9981067777357062
0.9984270546598506
0.9992147624656459
0.9985179696183771
0.9984796655264158
0.9970315398886828
0.998229461756374
0.9975837072833966
0.9985052316890882
0.9977160258850399
0.9970599044468945
0.9988785046728972
0.9964925954793453
0.998485422188565
0.999227202472952
0.9986249570299072
0.9984859954579863
0.9976479811838495
0.9975777149777957
0.9988335925349923
0.9985512495472655
1.0
0.9983559391697493
0.9978268743208982
0.9985800496982605
0.998766954377312
0.9992025518341308
0.9971356963838167
0.9980864906238041
0.9972868217054264
0.9977418140760256
#10
0.9992732558139535
1.0
0.999634636463281
0.999249530956848
0.9996387283236994
0.9992864787727435
1.0
0.9988822652757079
1.0
0.9992322456813819
1.0
0.9996314043494287
0.9992766726943942
0.9996308600959763
0.999206034140532
0.9996256083863722
0.999607535321821
0.9996244836650394
0.9996341017197219
0.9992432841468029
1.0
0.9996190476190476
0.9989492119089317
0.9989557953358859
0.9992190550566185
0.9995847176079734
0.999625468164794
0.9995910020449897
0.9996122528111672
0.9993009437259699
0.9996274217585693
0.9992316557817903
0.9992877492877493
#15
1.0
1.0
1.0
1.0
1.0
1.0
1.0
0.9996297667530544
1.0
1.0
1.0
0.9996064541519087
1.0
0.9996418338108882
1.0
1.0
1.0
1.0
1.0
0.9996268656716418
1.0
1.0
1.0
1.0
1.0
1.0
1.0
1.0
1.0
1.0
0.9996243425995492
1.0
0.9996318114874816
#20
1.0
1.0
1.0
1.0
1.0
1.0
1.0
1.0
1.0
1.0
1.0
1.0
1.0
1.0
1.0
1.0
1.0
1.0
1.0
1.0
1.0
1.0
1.0
1.0
1.0
1.0
1.0
1.0
1.0
1.0
1.0
1.0
1.0
#30
1.0
1.0
1.0
1.0
1.0
1.0
1.0
1.0
1.0
1.0
1.0
1.0
1.0
1.0
1.0
1.0
1.0
1.0
1.0
1.0
1.0
1.0
1.0
1.0
1.0
1.0
1.0
1.0
1.0
1.0
1.0
1.0
1.0
