#1
0.9850917431192661
0.9752704791344667
0.9829172141918529
0.9836639439906651
0.9913151364764268
0.9826517967781908
0.9705882352941176
0.9781491002570694
0.9770240700218819
0.9678362573099415
0.9879194630872483
0.9768115942028985
0.9900497512437811
0.9812080536912752
0.9891041162227603
0.9908854166666666
0.9654654654654654
0.9770773638968482
0.9776119402985075
0.9798761609907121
0.98531211750306
0.9928143712574851
0.9865229110512129
0.9782608695652174
0.9770114942528736
0.9895561357702349
0.9885350318471338
0.9750367107195301
0.977725674091442
0.984375
0.9913473423980222
0.9821200510855683
0.9775
#3
0.9881847475832438
0.9909443725743855
0.9941860465116279
0.9893617021276596
0.9856733524355301
0.9922118380062306
0.9908376963350786
0.9919816723940436
0.9906166219839142
0.98531211750306
0.9922380336351876
0.98698224852071
0.9886792452830189
0.9978142076502732
0.9883419689119171
0.9932157394843962
0.9864864864864865
0.9841269841269841
0.9860917941585535
0.9926829268292683
0.9878345498783455
0.9733688415446072
0.9910941475826972
0.982839313572543
0.9774718397997497
0.9919354838709677
0.9877717391304348
0.9946091644204852
0.9815950920245399
0.9840348330914369
0.9819694868238558
0.984375
0.9879663056558363
#5
0.9901823281907434
0.9880418535127056
0.9916550764951322
0.9912663755458515
0.9947019867549669
0.9922680412371134
0.9865196078431373
0.9901960784313726
0.9935897435897436
0.990521327014218
0.9971949509116409
0.9906103286384976
0.9924433249370277
0.995774647887324
0.9930875576036866
0.9848275862068966
0.9903961584633854
0.9962453066332916
0.9951159951159951
0.9937106918238994
0.9922822491730982
0.9941860465116279
0.9918367346938776
0.9941520467836257
0.9946466809421841
0.9908015768725361
0.9924528301886792
0.994413407821229
0.9975874547647768
0.9924717691342535
0.9931113662456946
0.9986842105263158
0.9876265466816648
#7
0.9987293519695044
0.9963503649635036
0.9970544918998527
0.9947575360419397
0.9987593052109182
0.9945295404814004
0.9988864142538976
0.9948849104859335
0.9967213114754099
0.9949811794228356
0.9915848527349228
0.9970887918486172
0.9954337899543378
0.9960264900662251
0.9967462039045553
0.9988066825775657
0.9931600547195623
0.9962025316455696
0.997709049255441
0.9946091644204852
0.9951749095295537
0.9966044142614601
0.9946595460614153
0.989345509893455
0.9947159841479525
0.992526158445441
0.9906666666666667
0.9931113662456946
0.9920993227990971
0.9944827586206897
0.9934138309549945
0.9965909090909091
0.994729907773386
#10
0.9948586118251928
0.9988304093567252
0.9975990396158463
0.9970282317979198
0.9964328180737217
0.9977298524404086
0.9953434225844005
0.997828447339848
1.0
0.996437054631829
0.9977142857142857
0.997275204359673
0.998546511627907
0.9968152866242038
0.9983792544570502
0.9963144963144963
0.9942922374429224
0.9971711456859972
0.9986842105263158
0.9955207166853304
0.9955106621773289
0.9959128065395095
0.998911860718172
0.996042216358839
0.993581514762516
0.9984152139461173
0.9987029831387808
1.0
0.9937888198757764
0.9975093399750934
0.997134670487106
0.9987908101571947
0.9977900552486187
#15
1.0
0.9976905311778291
0.9988179669030733
0.9987341772151899
1.0
1.0
0.9964028776978417
1.0
0.9975728155339806
1.0
0.9986945169712794
1.0
0.9988331388564761
1.0
0.998546511627907
0.998546511627907
0.9988610478359908
0.9987096774193548
0.9935483870967742
1.0
0.9985775248933144
1.0
0.9984639016897081
0.9985775248933144
0.9988165680473373
0.9974968710888611
0.9973958333333334
1.0
1.0
1.0
0.9984202211690363
0.9961587708066582
0.9986666666666667
#20
0.997364953886693
0.998876404494382
1.0
0.9986357435197817
0.998989898989899
0.9983277591973244
0.9988962472406181
1.0
0.9986631016042781
0.9986807387862797
0.9974715549936789
0.9974874371859297
0.9988009592326139
0.998567335243553
0.9949152542372881
0.9961904761904762
0.9977603583426652
1.0
1.0
1.0
0.99867197875166
0.9967845659163987
1.0
0.9986320109439124
0.9986187845303868
0.9986910994764397
0.9986522911051213
0.9977477477477478
0.9988304093567252
0.998769987699877
1.0
0.9975460122699387
0.9975874547647768
#30
0.9986910994764397
0.9988009592326139
0.9984894259818731
1.0
1.0
1.0
0.9975816203143894
1.0
1.0
1.0
1.0
1.0
0.9984802431610942
1.0
1.0
1.0
1.0
0.9989200863930886
1.0
1.0
1.0
1.0
1.0
1.0
0.9972144846796658
1.0
1.0
0.9978471474703983
1.0
1.0
1.0
1.0
1.0
