#1
3257082.5223634243
2336261.8431429863
2400336.841446519
2520807.7167084217
2733094.6908785105
2831763.80869174
3224535.246888399
3172519.124022603
3028922.242388606
2738856.8052901626
3012810.782676816
3467915.182734132
2184843.139332533
3375808.058182597
3390816.7225965858
2837221.414576292
2583985.222069502
3094685.8298481703
3315153.0749922395
3279708.0907595158
3383524.1629446745
3794399.188300252
3505107.4248332977
3266424.027522683
2973632.542235613
3074251.355769038
3259712.3901910186
3598143.0484972
3172311.8427125216
2639007.2878702283
2376474.743223667
3158295.0068864822
3141513.4574303627
#3
2649318.1542942524
2392720.5034035444
2871919.1590715647
3228384.8420149684
3188971.122592449
3188433.8718856573
3216633.536498308
2969933.8816519976
2880698.131273985
2558081.059122205
2434069.273802519
2777821.3562146425
3067009.471401572
2735392.0142487288
3153252.5098571777
3398816.920917034
3086206.215446949
2797006.21441555
3549447.2969505787
3140687.346452236
3038932.503931761
2558118.2767914534
2092473.8808674812
2494471.2912340164
3142280.1672801375
2779334.963960767
3114676.7549436092
2906490.473611951
2937602.7388100624
2914021.6262243986
2391259.1014661193
3145243.7536768913
2594500.4086818695
#5
3383279.4917492867
3051520.002370119
2702145.4458349943
3076686.445224166
3085611.219948292
3157587.7964508533
3275033.2815527916
2479392.203975022
3309049.526218772
3042036.5015301704
2674084.62891984
2869383.59700644
3297185.159330249
2815618.235764861
3422429.674816489
3338787.199796498
2849560.6910197735
2996248.998085141
2841797.027999997
3207299.491904497
3238273.922614932
2938403.7686748505
3147120.6904939413
3024768.379748583
3336819.8831459284
3160088.816179633
2951284.587136388
3373810.717356384
2618209.008084655
2277310.0504220724
3563331.595900655
3596244.821565628
2650235.2678745985
#7
2542625.7470322847
3188164.185586095
3256715.8893055916
2985447.3805360794
2573692.5795664787
2900074.057034254
2951322.2347658873
3285424.922477603
3048818.803473115
3058165.782951236
2883116.1625299454
2751588.705881238
2817079.1520352364
2839916.1806520224
2170122.4495196342
3591409.5372462273
2906527.8973778486
3268619.705392599
2623768.556004882
2438039.313000262
2995043.7651894093
2694323.648260832
2911981.8029737473
3185778.7292355895
2604300.4710878134
2951893.2414979935
3033408.4289660454
2904437.74439764
3048826.0820876956
2804394.8067036867
2615399.90658617
2868414.71721375
3278660.4871548414
#10
3103598.6634281874
2585468.243291259
3540188.273955345
3523167.2620807886
3129606.9090081453
3054733.606864929
2700322.8930920362
3038617.8717827797
2648319.697238803
2976850.9748750925
2697182.421161592
2738584.8510144353
2169763.6940200925
3168409.030837655
2725436.396423936
2469295.100270033
2541291.0753235817
3053100.628220916
2552844.338185072
3032943.7431571484
2997704.8911938667
2476184.8911652565
3307981.563093066
2811385.277588725
2839022.530084491
3126193.4995615482
2030322.0408482552
2526820.897295594
3513343.075385928
3109912.8955993652
3636395.831010103
2437687.247005105
3215751.114669442
#15
3113519.522233844
2703409.3858498335
2024449.9804011583
3080350.546543479
2759507.660579324
3389258.9855282307
3340714.1624912024
3004026.534775257
3095454.6237984896
2737995.9266685247
2886900.3170968294
2608836.9202258587
3082771.9153461456
3155631.47553277
2891497.1389317513
2615161.5520852804
2964413.965016842
2953546.1311461926
2726107.8130141497
3351172.2971488237
3359635.7809832096
3082721.862781048
3125617.7197870016
3115823.911200285
3061663.7036342025
2969710.8923817873
3305202.777246952
2377965.1360527277
2841443.5522094965
3266408.67500031
2990329.048878014
3067269.4472225904
3013997.978241563
#20
2927054.4207054377
2917555.9846197367
2645448.7857710123
3073096.8419952393
2748801.4468027353
2197291.0651323795
3297663.572158098
2549139.6200083494
3190136.3335028887
3273475.911902547
3438178.407831073
3291396.4509369135
3416089.200313568
3411188.8206932545
2950738.74144423
2659642.976819873
3071056.1628216505
3280764.4225029945
3217585.177584529
2754729.933289647
2525602.6422600746
3287469.8779839277
3073040.0553109646
2383795.4473199844
3070748.3003257513
3425267.4587649107
2672691.50443089
2485704.2139075994
2925770.9555253983
2803265.203554511
3296681.889042914
2317985.9470199347
2991373.8837128878
#30
3161364.4320681095
2723039.8160734177
2793194.702344537
2771818.395079851
2270087.0812211037
2940786.7254248857
2794415.2697736025
3032756.6461662054
3011166.020175576
2954531.9235230684
2566253.355091095
3832051.96160388
3486782.919537306
2757884.657042742
2751147.5654547215
2918511.9480600357
3052023.742531657
3207006.591526866
3328457.829658985
2626470.3476765156
3058398.0508396626
2487594.765663743
2941044.3235834837
2269449.058136344
2635626.015250325
3355363.9560438395
3023855.256527066
2783906.0910315514
2573931.9218358994
2688421.2157759666
3330406.5567594767
2840907.5845481157
3454062.142738223
