#1
0.9755555555555555
0.9800469483568075
0.96
0.9410876132930514
0.9839449541284404
0.975
0.9737783075089392
0.9663573085846868
0.9850931677018634
0.9795180722891567
0.9591836734693877
0.967741935483871
0.9785809906291834
0.9763681592039801
0.9667994687915007
0.9750623441396509
0.9798657718120806
0.9825870646766169
0.9730094466936572
0.9679075738125802
0.9697648376259799
0.9718670076726342
0.9615384615384616
0.9713656387665198
0.9695863746958637
0.9763469119579501
0.972568578553616
0.9859484777517564
0.9635036496350365
0.9670454545454545
0.9800747198007472
0.9797619047619047
0.9700704225352113
#3
0.9861111111111112
0.9804741980474198
0.9780092592592593
0.985981308411215
0.9765013054830287
0.978391356542617
0.9805699481865285
0.9786476868327402
0.9693627450980392
0.9673202614379085
0.9863692688971499
0.9792122538293216
0.9654775604142692
0.9828326180257511
0.9811320754716981
0.9741176470588235
0.978448275862069
0.9872159090909091
0.9759358288770054
0.9767123287671233
0.9735973597359736
0.9810771470160117
0.9799054373522459
0.9743589743589743
0.9891435464414958
0.9766081871345029
0.9586894586894587
0.9768292682926829
0.9808429118773946
0.983358547655068
0.9805714285714285
0.9826666666666667
0.9825
#5
0.988795518207283
0.9859649122807017
0.9857512953367875
0.9940405244338498
0.9860788863109049
0.9852941176470589
0.9725848563968669
0.987146529562982
0.9886621315192744
0.9863325740318907
0.9825870646766169
0.9770290964777948
0.9835680751173709
0.9918588873812755
0.9897304236200257
0.9743589743589743
0.9787835926449788
0.9878213802435724
0.9720176730486009
0.9773584905660377
0.9849397590361446
0.9904109589041096
0.9868852459016394
0.9912663755458515
0.9923371647509579
0.9852289512555391
0.9752475247524752
0.9803921568627451
0.9829396325459318
0.9728260869565217
0.9901423877327492
0.9827981651376146
0.9846517119244392
#7
0.97911227154047
0.9853479853479854
0.9957671957671957
0.985854189336235
0.985239852398524
0.9879951980792316
0.988950276243094
0.9807692307692307
0.99302649930265
0.9891304347826086
0.9846860643185299
0.9860681114551083
0.9722222222222222
0.9843304843304843
0.9914529914529915
0.9838909541511772
0.9859872611464968
0.9792147806004619
0.986096256684492
0.9871495327102804
0.9929411764705882
0.9875846501128668
0.9934569247546347
0.9921259842519685
0.9882352941176471
0.9756468797564688
0.984779299847793
0.9811046511627907
0.9921875
0.9900373599003736
0.9871959026888605
0.9834710743801653
0.989145183175034
#10
0.9847009735744089
0.9899497487437185
0.9807445442875481
0.9906291834002677
0.9951573849878934
0.9861495844875346
0.9901840490797545
0.9895366218236173
0.9872935196950444
0.99055330634278
0.9907834101382489
0.9932432432432432
0.9897360703812317
0.9870967741935484
0.9880239520958084
0.9950617283950617
0.992638036809816
0.9948652118100129
0.985731272294887
0.9954545454545455
0.9838449111470113
0.9872389791183295
0.9898107714701602
0.9882100750267953
0.9920544835414302
0.9892904953145917
0.9846153846153847
0.9910025706940874
0.9927007299270073
0.9943100995732574
0.9872340425531915
0.9897660818713451
0.9819587628865979
#15
0.9948453608247423
0.9931662870159453
0.9935553168635876
0.9855263157894737
0.9935400516795866
0.9912280701754386
0.997563946406821
0.9866863905325444
0.9953434225844005
0.9975186104218362
0.9920739762219286
0.9943052391799544
0.9935379644588045
0.9922380336351876
0.9976047904191617
0.9972144846796658
0.9896640826873385
0.9935064935064936
0.9961734693877551
0.9888641425389755
0.9972862957937585
0.9893617021276596
0.9891808346213292
0.991442542787286
0.9923954372623575
0.9923312883435583
0.9973226238286479
0.9917550058892816
0.9892857142857143
0.9943181818181818
0.9940740740740741
0.9910025706940874
0.9898190045248869
#20
0.9966405375139977
0.9943741209563994
0.9892601431980907
0.9987029831387808
0.9957386363636364
0.9943181818181818
0.9936948297604036
0.9915014164305949
0.9931224209078404
0.9986577181208054
0.995418098510882
0.9975698663426489
0.9962168978562421
0.9940029985007496
0.996
0.9943820224719101
0.9929328621908127
1.0
0.9954682779456193
0.9918887601390498
0.9959946595460614
0.9985250737463127
0.9930313588850174
0.9959239130434783
0.9956011730205279
0.9925373134328358
0.9952662721893492
0.9958041958041958
0.9941176470588236
0.9898734177215189
0.9969558599695586
0.9921363040629095
0.9975728155339806
#30
0.9961489088575096
0.9949174078780177
0.9963054187192119
0.9977528089887641
1.0
0.9926253687315634
0.9944196428571429
0.98989898989899
0.9942129629629629
0.9988439306358381
0.9954493742889647
0.9944211994421199
0.9959623149394348
0.9956772334293948
0.9945205479452055
1.0
0.9952996474735605
0.9974747474747475
0.9973924380704041
0.9975786924939467
0.9956011730205279
0.998641304347826
0.993581514762516
1.0
0.9924471299093656
0.9951923076923077
0.989749430523918
0.9968992248062015
0.9975932611311673
0.9976331360946745
0.9890625
0.9963459196102314
0.9925925925925926
