#1
3408119.893998027
2471314.8603869677
2847557.9827355146
3301216.2849504948
3160714.37469846
3066149.629814744
2143567.9338394403
2850752.5463749766
3373340.9821919203
2687367.0287257433
2958518.110943556
2592941.3182775974
3148174.0182899237
2806828.106088996
3231463.723546028
2882592.5795202255
2460358.246066332
2698086.0265402794
2777523.6035095453
2443265.404500246
3053476.6980968714
3277472.4927681684
2624340.08080405
2842031.122133732
2792745.9967496395
3061456.732715249
2974182.5578808784
2682752.465700388
3233767.059919238
3143586.274701476
3235797.144782424
3063042.4530175924
3093213.430821061
#3
3362030.6608142853
3143259.680754304
2793350.9385831356
2856221.8767825365
2680960.496471286
2533399.2433344126
3045323.1482123137
3268889.0167354345
3051118.105144143
3160281.75060153
3071202.402570784
3076738.017110467
3110890.771367669
3502251.9161782265
2883284.6660102606
2879738.8400341272
2522831.9909391403
2218937.505658865
2708716.3721723557
3300488.6326242685
3139116.7427419424
2973847.2955362797
3106107.6577302217
2301621.82746166
2980768.4679529667
2750854.832925439
2833558.8539232016
2853714.590822339
3152347.570834279
2711574.426955104
2622354.866934657
2834177.1131486893
3239398.4521147013
#5
2713298.812572241
2406410.6904022694
2898899.4331183434
2606703.9157004356
3005210.101291895
2987693.129922509
3236506.9116357565
2663893.7028615475
3055196.1314474344
2437806.13434577
2784176.0034896135
3267765.003612399
3184719.8997917175
2788337.703058362
3420532.282907009
2774295.4410452843
3382355.0461671352
3004031.408719182
3220619.5581679344
2561657.2138785124
3662102.2723782063
2577515.3739237785
2793794.429589808
2699326.721779704
3680680.7335828543
2963713.8482097387
3214736.7863953114
3542892.1619052887
3233177.294172406
3107015.8780624866
3337361.483967662
2924346.071251631
3357152.677474022
#7
3106522.1267284155
2287180.1339918375
2503533.0834127665
2975186.9610664845
2989369.1508597136
3658823.1429923773
3518911.378811002
3154291.3343417645
2516618.627926469
2944867.93850255
2731813.0934000015
2768972.7071324587
3439195.85514307
2954788.3623016477
3602213.902331114
3246508.813679695
2805478.5538419485
2995591.030633807
3321292.3068391085
3068736.7788927555
3296865.681220293
2414258.660165727
3004495.0219470263
2521866.2238178253
2742919.3885953426
2505388.6869564056
2932999.7582091093
3337779.9400674105
3340094.619726777
2765173.3226845264
3591082.7124767303
3384118.253735304
2795385.1287721395
#10
3135107.635656595
3315652.4170310497
3191293.5431649685
2529082.857520938
3249922.7399965525
3344220.240339875
3361865.0572954416
3674634.574126482
2855201.7175673246
3303588.0304820538
3523544.4806889296
2688097.374250531
2862831.0944066048
2471220.1943871975
2362969.332407713
3043823.760147929
3411055.372347951
2728436.519953966
2958562.311345935
3423796.1476181746
3569500.47187078
2818247.0972549915
3560677.0886535645
2972460.417438984
2959160.6513746977
2387725.568160653
3132133.406546831
3180170.830639243
2901562.230265081
2957523.1253778934
2801027.6923214793
3020201.5874193907
3395279.041210413
#15
3520005.293778777
3421617.3089203835
3323809.3530499935
2960662.1483516693
3054310.5749605894
3263907.777764797
3213457.631255865
3517134.519980192
3231900.1578769684
3028670.835149288
3150966.6525378227
2625736.683210969
3375422.884298086
3180416.4844458103
2754241.3281286955
2667436.229206145
3339168.8162065744
2977448.9364677668
3062765.3612054586
2974748.9096467495
2702735.28262496
3441722.371855259
2557695.9964045286
2815023.0572172403
3410758.294367552
3079416.1390310526
3012393.4912748337
2295000.1569435596
2128386.6307239532
3523528.169836879
2385903.5065505505
3122381.3331484795
3030920.698794365
#20
2867199.3999191523
3421219.5046327114
2805186.410459876
2888244.794361949
3923531.9774576426
2343928.0636448264
3383252.082795024
2795283.6611881256
2927468.7241871953
2929026.4027233124
3048842.2386757135
3107867.625864744
3318119.9405515194
2779067.657815933
2119542.0327290297
2078249.3862576485
3560549.3809586763
3170536.950337887
2835460.0244933367
3107402.4135371447
2873107.1740136147
2399961.5666416883
2771292.925589919
2850329.2732719183
2738539.496833563
2824062.441567421
2764913.1241350174
3399364.016785741
3319447.914859414
3315274.911881447
2847402.4047625065
3231778.9709004164
3275150.7036134005
#30
3149390.993019104
3256432.4473131895
2539124.9374058247
2980949.780196905
3390081.1772153378
2918818.8285616636
3265183.116168022
2699200.9076964855
2525323.1880601645
2725866.7493491173
2739312.8454161882
2973144.7521706223
2516754.0193841457
2932994.0547459126
2982900.760097623
2737893.9420661926
3117551.1029595137
3700225.010496497
2926196.683466077
2764375.499507904
2960562.6558852196
3402296.3061897755
2567142.7953597307
3405709.425985694
2802816.6056964397
3416140.40839684
3243712.8968145847
3701312.5498673916
3692697.787810564
2852658.51442945
2741683.676196456
3535315.5473134518
3128584.513254404
