#1
0.6216216216216216
0.6538461538461539
0.6081081081081081
0.5833333333333334
0.7166666666666667
0.6944444444444444
0.6153846153846154
0.6833333333333333
0.6875
0.5833333333333334
0.78
0.6285714285714286
0.6020408163265306
0.75
0.703125
0.7619047619047619
0.6515151515151515
0.7619047619047619
0.6170212765957447
0.6617647058823529
0.6323529411764706
0.5714285714285714
0.5344827586206896
0.6964285714285714
0.6022727272727273
0.6458333333333334
0.5583333333333333
0.7307692307692307
0.6857142857142857
0.5769230769230769
0.6451612903225806
0.65
0.7
#3
0.8823529411764706
0.7631578947368421
0.7727272727272727
0.8
0.8333333333333334
0.7954545454545454
0.6607142857142857
0.75
0.8333333333333334
0.8181818181818182
0.8823529411764706
0.7380952380952381
0.7777777777777778
0.8333333333333334
0.85
0.775
0.8095238095238095
0.8125
0.8157894736842105
0.7619047619047619
0.9444444444444444
0.8478260869565217
0.7368421052631579
0.8421052631578947
0.8409090909090909
0.74
0.6923076923076923
0.782608695652174
0.7727272727272727
0.7916666666666666
0.8125
0.775
0.7916666666666666
#5
0.9
0.8947368421052632
0.9705882352941176
0.9
0.9705882352941176
0.9
0.868421052631579
0.9166666666666666
0.9166666666666666
0.9210526315789473
0.8421052631578947
0.9166666666666666
0.875
0.8571428571428571
0.9117647058823529
0.8157894736842105
0.875
0.9705882352941176
0.9117647058823529
0.9117647058823529
0.9444444444444444
0.9444444444444444
0.8333333333333334
0.9
0.8478260869565217
0.8181818181818182
0.8409090909090909
0.8333333333333334
0.82
0.9
0.9444444444444444
0.868421052631579
0.8611111111111112
#7
0.9411764705882353
0.8529411764705882
1.0
0.8947368421052632
0.9210526315789473
0.9411764705882353
0.9705882352941176
0.8333333333333334
0.9411764705882353
0.9444444444444444
0.9
0.9444444444444444
0.9166666666666666
0.9117647058823529
0.9166666666666666
0.9705882352941176
0.9705882352941176
0.9210526315789473
0.9375
1.0
0.9444444444444444
0.9705882352941176
0.9705882352941176
0.9705882352941176
0.8636363636363636
0.8888888888888888
0.9705882352941176
0.9166666666666666
0.9210526315789473
0.9166666666666666
0.9166666666666666
0.9411764705882353
0.9166666666666666
#10
1.0
1.0
0.96875
1.0
1.0
1.0
0.9411764705882353
0.9705882352941176
1.0
0.9705882352941176
0.9705882352941176
1.0
0.8888888888888888
0.9210526315789473
0.9444444444444444
0.9705882352941176
0.9444444444444444
0.9375
1.0
0.96875
0.9411764705882353
0.9705882352941176
0.96875
0.9375
1.0
0.9705882352941176
0.9
1.0
0.9705882352941176
0.9705882352941176
0.9705882352941176
0.9444444444444444
0.9705882352941176
#15
1.0
1.0
1.0
1.0
1.0
1.0
0.9444444444444444
0.9705882352941176
1.0
1.0
0.9411764705882353
1.0
1.0
1.0
1.0
1.0
1.0
1.0
1.0
1.0
1.0
0.9705882352941176
1.0
1.0
1.0
0.9705882352941176
1.0
0.9705882352941176
0.9705882352941176
0.9705882352941176
1.0
1.0
1.0
#20
0.9705882352941176
0.9705882352941176
1.0
1.0
1.0
1.0
1.0
1.0
1.0
1.0
1.0
1.0
1.0
1.0
1.0
1.0
1.0
1.0
1.0
1.0
1.0
1.0
1.0
1.0
1.0
1.0
1.0
1.0
0.96875
1.0
1.0
1.0
1.0
#30
1.0
1.0
1.0
1.0
1.0
1.0
1.0
1.0
1.0
1.0
1.0
1.0
1.0
1.0
1.0
1.0
1.0
1.0
1.0
1.0
1.0
1.0
1.0
1.0
1.0
1.0
1.0
1.0
1.0
1.0
1.0
1.0
1.0
