#1
0.6857142857142857
0.8421052631578947
0.5348837209302325
0.6666666666666666
0.5964912280701754
0.6078431372549019
0.7096774193548387
0.6170212765957447
0.6037735849056604
0.7575757575757576
0.6976744186046512
0.6585365853658537
0.8148148148148148
0.5846153846153846
0.6097560975609756
0.696969696969697
0.7096774193548387
0.7894736842105263
0.5714285714285714
0.7777777777777778
0.7419354838709677
0.7272727272727273
0.5662650602409639
0.6451612903225806
0.6756756756756757
0.5365853658536586
0.7073170731707317
0.5777777777777777
0.6170212765957447
0.6857142857142857
0.6486486486486487
0.7931034482758621
0.6
#3
0.8947368421052632
0.9411764705882353
0.8
0.8695652173913043
0.7241379310344828
0.7586206896551724
0.6551724137931034
1.0
0.9047619047619048
0.8
0.8260869565217391
0.7586206896551724
0.8
0.8
0.84
0.9047619047619048
0.72
0.8260869565217391
0.8260869565217391
0.7096774193548387
0.9047619047619048
0.6571428571428571
1.0
0.7777777777777778
0.6896551724137931
0.8260869565217391
0.8095238095238095
0.7586206896551724
0.7368421052631579
0.9473684210526315
0.9411764705882353
0.8
0.8695652173913043
#5
0.9047619047619048
1.0
0.8947368421052632
0.9411764705882353
1.0
0.76
0.9473684210526315
0.9047619047619048
0.9473684210526315
0.9473684210526315
0.782608695652174
0.7419354838709677
0.9411764705882353
0.8695652173913043
0.9473684210526315
0.9411764705882353
1.0
0.8695652173913043
0.8947368421052632
0.9473684210526315
0.8571428571428571
0.8947368421052632
0.8695652173913043
0.9473684210526315
0.8
0.8571428571428571
0.84
1.0
0.9411764705882353
0.7619047619047619
1.0
0.7741935483870968
0.9473684210526315
#7
0.8571428571428571
0.9473684210526315
0.9473684210526315
1.0
1.0
0.9473684210526315
0.8947368421052632
0.8095238095238095
1.0
0.8571428571428571
0.9473684210526315
0.8695652173913043
0.9473684210526315
0.9411764705882353
0.8571428571428571
0.9047619047619048
0.8571428571428571
0.8148148148148148
0.9047619047619048
0.9411764705882353
1.0
0.9473684210526315
0.8421052631578947
0.9473684210526315
0.8947368421052632
0.9473684210526315
0.8947368421052632
0.9473684210526315
0.9411764705882353
0.9473684210526315
1.0
0.8823529411764706
1.0
#10
1.0
0.9473684210526315
0.9411764705882353
0.9473684210526315
0.9473684210526315
1.0
1.0
1.0
0.9473684210526315
1.0
0.9473684210526315
0.9473684210526315
1.0
0.9047619047619048
1.0
0.9411764705882353
1.0
0.9473684210526315
0.9473684210526315
1.0
0.9047619047619048
0.9411764705882353
1.0
1.0
1.0
1.0
1.0
1.0
0.9411764705882353
1.0
1.0
0.9411764705882353
1.0
#15
1.0
0.9047619047619048
1.0
0.9473684210526315
1.0
0.9473684210526315
1.0
1.0
1.0
1.0
1.0
1.0
1.0
1.0
1.0
0.9473684210526315
0.9047619047619048
1.0
1.0
1.0
1.0
1.0
0.9473684210526315
1.0
1.0
1.0
1.0
0.9473684210526315
1.0
0.9473684210526315
1.0
1.0
1.0
#20
1.0
1.0
1.0
1.0
0.9047619047619048
1.0
1.0
0.9473684210526315
1.0
1.0
1.0
1.0
1.0
1.0
1.0
1.0
1.0
1.0
1.0
1.0
1.0
1.0
1.0
1.0
1.0
1.0
1.0
1.0
1.0
1.0
1.0
1.0
1.0
#30
1.0
1.0
1.0
1.0
1.0
1.0
1.0
1.0
1.0
1.0
1.0
1.0
1.0
1.0
1.0
1.0
1.0
1.0
1.0
1.0
1.0
1.0
1.0
1.0
1.0
1.0
1.0
1.0
1.0
1.0
1.0
1.0
1.0
