#1
0.85
0.7222222222222222
0.7708333333333334
0.7884615384615384
0.7333333333333333
0.8333333333333334
0.8125
0.7857142857142857
0.8095238095238095
0.8
0.8
0.8809523809523809
0.8571428571428571
0.78
0.9117647058823529
0.7407407407407407
0.8947368421052632
0.8095238095238095
0.8181818181818182
0.7708333333333334
0.7777777777777778
0.8409090909090909
0.8043478260869565
0.8947368421052632
0.8529411764705882
0.75
0.8478260869565217
0.78
0.75
0.8043478260869565
0.7678571428571429
0.8636363636363636
0.7708333333333334
#3
1.0
0.9210526315789473
0.825
0.96875
0.8611111111111112
0.9705882352941176
0.9705882352941176
0.96875
0.96875
0.8888888888888888
0.9705882352941176
0.9705882352941176
0.9705882352941176
1.0
1.0
0.9705882352941176
0.9444444444444444
0.9166666666666666
0.9210526315789473
0.96875
0.9411764705882353
0.8409090909090909
0.9166666666666666
1.0
0.9411764705882353
0.9705882352941176
0.9444444444444444
0.9444444444444444
0.9705882352941176
0.8888888888888888
0.9375
0.9117647058823529
0.8947368421052632
#5
1.0
0.9166666666666666
0.9705882352941176
1.0
0.9210526315789473
1.0
0.9705882352941176
0.9705882352941176
0.9705882352941176
0.9705882352941176
0.9705882352941176
1.0
0.9705882352941176
1.0
0.9705882352941176
0.9411764705882353
1.0
0.9444444444444444
0.96875
0.9705882352941176
1.0
0.9705882352941176
1.0
0.9705882352941176
1.0
0.96875
1.0
1.0
0.9705882352941176
1.0
0.9705882352941176
0.9411764705882353
0.9705882352941176
#7
1.0
1.0
0.9444444444444444
1.0
1.0
1.0
0.9705882352941176
1.0
1.0
0.96875
1.0
1.0
1.0
1.0
1.0
1.0
1.0
1.0
1.0
0.9705882352941176
1.0
1.0
0.9411764705882353
1.0
1.0
1.0
1.0
1.0
0.9705882352941176
0.9705882352941176
1.0
1.0
1.0
#10
1.0
1.0
1.0
1.0
1.0
1.0
1.0
1.0
1.0
1.0
1.0
1.0
1.0
1.0
1.0
1.0
1.0
1.0
1.0
1.0
0.9705882352941176
1.0
1.0
1.0
0.96875
1.0
1.0
1.0
1.0
1.0
1.0
1.0
1.0
#15
1.0
1.0
1.0
1.0
1.0
1.0
1.0
1.0
1.0
1.0
1.0
1.0
1.0
1.0
1.0
1.0
1.0
1.0
1.0
1.0
1.0
1.0
1.0
1.0
1.0
1.0
1.0
1.0
1.0
1.0
1.0
1.0
1.0
#20
1.0
1.0
1.0
1.0
1.0
1.0
1.0
1.0
1.0
1.0
1.0
1.0
1.0
1.0
1.0
1.0
1.0
1.0
1.0
1.0
1.0
1.0
1.0
1.0
1.0
1.0
1.0
1.0
1.0
1.0
1.0
1.0
1.0
#30
1.0
1.0
1.0
1.0
1.0
1.0
1.0
1.0
1.0
1.0
1.0
1.0
1.0
1.0
1.0
1.0
1.0
1.0
1.0
1.0
1.0
1.0
1.0
1.0
1.0
1.0
1.0
1.0
1.0
1.0
1.0
1.0
1.0
