#1
0.49038461538461536
0.5566037735849056
0.4576271186440678
0.5098039215686274
0.5069444444444444
0.46551724137931033
0.4602272727272727
0.5422535211267606
0.45652173913043476
0.49056603773584906
0.4642857142857143
0.5921052631578947
0.5568181818181818
0.515625
0.5384615384615384
0.5
0.5833333333333334
0.47101449275362317
0.5769230769230769
0.5357142857142857
0.5652173913043478
0.5454545454545454
0.45614035087719296
0.5058139534883721
0.6666666666666666
0.5241935483870968
0.5972222222222222
0.5151515151515151
0.5
0.4765625
0.5555555555555556
0.48863636363636365
0.5254237288135594
#3
0.5540540540540541
0.7045454545454546
0.6388888888888888
0.625
0.5096153846153846
0.6129032258064516
0.5833333333333334
0.6590909090909091
0.5833333333333334
0.55
0.6724137931034483
0.5666666666666667
0.5909090909090909
0.7068965517241379
0.5851063829787234
0.5897435897435898
0.5925925925925926
0.5833333333333334
0.6621621621621622
0.5483870967741935
0.6029411764705882
0.7708333333333334
0.6219512195121951
0.7
0.5555555555555556
0.7142857142857143
0.7619047619047619
0.6363636363636364
0.6129032258064516
0.6818181818181818
0.6607142857142857
0.65
0.7631578947368421
#5
0.8043478260869565
0.7708333333333334
0.7777777777777778
0.782608695652174
0.6818181818181818
0.6964285714285714
0.7307692307692307
0.7272727272727273
0.7619047619047619
0.782608695652174
0.7258064516129032
0.7857142857142857
0.6666666666666666
0.6607142857142857
0.6538461538461539
0.825
0.6944444444444444
0.6527777777777778
0.76
0.7391304347826086
0.6666666666666666
0.65625
0.8125
0.7692307692307693
0.71875
0.6904761904761905
0.72
0.7777777777777778
0.7424242424242424
0.6071428571428571
0.6875
0.7619047619047619
0.7307692307692307
#7
0.8409090909090909
0.7708333333333334
0.8095238095238095
0.7391304347826086
0.8611111111111112
0.7391304347826086
0.782608695652174
0.7407407407407407
0.8636363636363636
0.9
0.8157894736842105
0.7115384615384616
0.8636363636363636
0.85
0.74
0.7592592592592593
0.734375
0.8157894736842105
0.7608695652173914
0.7678571428571429
0.7916666666666666
0.7692307692307693
0.7777777777777778
0.8260869565217391
0.8260869565217391
0.7592592592592593
0.7777777777777778
0.6547619047619048
0.8043478260869565
0.8421052631578947
0.7692307692307693
0.7592592592592593
0.7592592592592593
#10
0.8333333333333334
0.8333333333333334
0.8
0.8947368421052632
0.72
0.8809523809523809
0.8333333333333334
0.8181818181818182
0.8571428571428571
0.85
0.8947368421052632
0.825
0.7619047619047619
0.9411764705882353
0.7608695652173914
0.7954545454545454
0.875
0.9705882352941176
0.8095238095238095
0.8043478260869565
1.0
0.74
0.82
0.875
0.8
0.8571428571428571
0.9375
0.8333333333333334
0.8260869565217391
0.875
0.8478260869565217
0.8571428571428571
0.8409090909090909
#15
0.9
0.9210526315789473
0.9411764705882353
0.8947368421052632
0.96875
0.9444444444444444
0.9705882352941176
0.96875
0.9444444444444444
0.9166666666666666
0.9166666666666666
0.9411764705882353
0.9166666666666666
0.8571428571428571
0.9117647058823529
0.96875
0.9705882352941176
0.9444444444444444
0.96875
0.9166666666666666
0.96875
0.868421052631579
0.9444444444444444
0.9705882352941176
0.96875
0.9444444444444444
0.9210526315789473
0.9705882352941176
0.96875
0.9444444444444444
0.9117647058823529
0.9210526315789473
0.9411764705882353
#20
0.9444444444444444
0.9444444444444444
0.9444444444444444
0.9705882352941176
0.9166666666666666
0.8809523809523809
0.9705882352941176
0.9705882352941176
0.9705882352941176
0.9166666666666666
0.96875
0.9705882352941176
0.9166666666666666
0.9
0.9705882352941176
0.9411764705882353
0.9444444444444444
0.96875
0.9411764705882353
1.0
0.9210526315789473
0.9
1.0
0.8888888888888888
0.9375
0.9444444444444444
0.96875
1.0
0.9444444444444444
0.8478260869565217
1.0
0.9210526315789473
0.9444444444444444
#30
1.0
1.0
1.0
1.0
1.0
1.0
0.96875
1.0
0.9705882352941176
1.0
0.9705882352941176
0.9705882352941176
1.0
1.0
0.9705882352941176
1.0
1.0
1.0
0.9705882352941176
1.0
1.0
0.9705882352941176
1.0
0.9444444444444444
0.96875
0.96875
0.9411764705882353
0.9705882352941176
1.0
1.0
0.9705882352941176
1.0
0.9705882352941176
