#1
0.7216494845360825
0.6241610738255033
0.680327868852459
0.6311475409836066
0.6304347826086957
0.6972477064220184
0.6287878787878788
0.6326530612244898
0.6944444444444444
0.7
0.7083333333333334
0.5714285714285714
0.5828571428571429
0.6439393939393939
0.7419354838709677
0.6736842105263158
0.7009345794392523
0.7662337662337663
0.6330935251798561
0.6578947368421053
0.6754385964912281
0.6267605633802817
0.6496350364963503
0.6914893617021277
0.6363636363636364
0.7922077922077922
0.6326530612244898
0.6511627906976745
0.6453900709219859
0.696969696969697
0.592391304347826
0.6464646464646465
0.7625
#3
0.7721518987341772
0.8615384615384616
0.7647058823529411
0.7682926829268293
0.7875
0.7972972972972973
0.7560975609756098
0.7419354838709677
0.7613636363636364
0.7216494845360825
0.8169014084507042
0.8382352941176471
0.782051282051282
0.7792207792207793
0.8
0.84375
0.8382352941176471
0.6754385964912281
0.7875
0.7340425531914894
0.7282608695652174
0.7777777777777778
0.7263157894736842
0.782051282051282
0.8333333333333334
0.7804878048780488
0.84375
0.8405797101449275
0.6902654867256637
0.9122807017543859
0.7590361445783133
0.7948717948717948
0.7619047619047619
#5
0.8484848484848485
0.8026315789473685
0.7391304347826086
0.7945205479452054
0.8928571428571429
0.7875
0.9272727272727272
0.782051282051282
0.9272727272727272
0.7875
0.8309859154929577
0.9423076923076923
0.8208955223880597
0.8833333333333333
0.9122807017543859
0.8852459016393442
0.8507462686567164
0.835820895522388
0.8133333333333334
0.8194444444444444
0.9272727272727272
0.9090909090909091
0.8115942028985508
0.8709677419354839
0.8484848484848485
0.896551724137931
0.8260869565217391
0.7777777777777778
0.8285714285714286
0.8484848484848485
0.859375
0.873015873015873
0.859375
#7
0.8026315789473685
0.8983050847457628
0.9272727272727272
0.9433962264150944
0.9433962264150944
0.9272727272727272
0.873015873015873
0.8833333333333333
0.9607843137254902
0.9607843137254902
0.8983050847457628
0.859375
0.8983050847457628
0.8615384615384616
0.9107142857142857
0.8026315789473685
0.8833333333333333
0.8852459016393442
0.9433962264150944
0.8983050847457628
0.9090909090909091
0.873015873015873
0.96
0.9107142857142857
0.896551724137931
0.9607843137254902
0.9272727272727272
0.8983050847457628
0.8852459016393442
0.873015873015873
0.896551724137931
0.8983050847457628
0.8571428571428571
#10
0.9795918367346939
1.0
0.9433962264150944
1.0
0.9607843137254902
0.9591836734693877
0.9272727272727272
0.9272727272727272
0.9791666666666666
0.9272727272727272
0.9272727272727272
1.0
0.9272727272727272
0.9795918367346939
0.9259259259259259
0.9433962264150944
0.9272727272727272
0.9433962264150944
0.9607843137254902
0.9433962264150944
0.9795918367346939
0.9272727272727272
0.9272727272727272
0.8947368421052632
1.0
0.9433962264150944
0.8852459016393442
0.8983050847457628
0.8852459016393442
0.9423076923076923
0.9423076923076923
0.9607843137254902
1.0
#15
1.0
0.9607843137254902
0.9795918367346939
0.9795918367346939
1.0
1.0
0.9795918367346939
0.9795918367346939
1.0
0.9795918367346939
0.96
0.9607843137254902
1.0
1.0
0.9795918367346939
0.9795918367346939
0.9433962264150944
0.9272727272727272
0.9795918367346939
0.9795918367346939
1.0
0.9607843137254902
1.0
0.9795918367346939
0.9795918367346939
0.9795918367346939
0.9795918367346939
0.9607843137254902
0.9607843137254902
1.0
0.9795918367346939
1.0
0.9795918367346939
#20
1.0
1.0
1.0
1.0
0.9795918367346939
1.0
1.0
1.0
1.0
1.0
0.9795918367346939
1.0
1.0
0.9795918367346939
1.0
1.0
0.9607843137254902
1.0
1.0
0.9607843137254902
1.0
1.0
1.0
1.0
0.96
0.9795918367346939
1.0
1.0
1.0
1.0
0.9795918367346939
1.0
1.0
#30
0.9795918367346939
0.9795918367346939
1.0
0.9795918367346939
1.0
1.0
1.0
1.0
1.0
1.0
1.0
1.0
1.0
1.0
1.0
1.0
0.9795918367346939
0.9795918367346939
1.0
0.9795918367346939
1.0
0.9795918367346939
1.0
1.0
1.0
1.0
0.9795918367346939
1.0
1.0
1.0
1.0
1.0
1.0
