#1
0.5166051660516605
0.5772727272727273
0.5109717868338558
0.4965753424657534
0.5736040609137056
0.5427509293680297
0.5331230283911672
0.5988700564971752
0.5572139303482587
0.5421686746987951
0.5286885245901639
0.541871921182266
0.5387931034482759
0.6521739130434783
0.49056603773584906
0.5290102389078498
0.4827586206896552
0.5444015444015444
0.573394495412844
0.5542168674698795
0.4897119341563786
0.5066225165562914
0.5953757225433526
0.4811594202898551
0.6
0.5426008968609866
0.5134099616858238
0.5962732919254659
0.5692307692307692
0.5354330708661418
0.6180555555555556
0.5236220472440944
0.5368421052631579
#3
0.625
0.6133333333333333
0.5730337078651685
0.6024844720496895
0.6193548387096774
0.5882352941176471
0.6099290780141844
0.5847953216374269
0.5523012552301255
0.6
0.5789473684210527
0.5882352941176471
0.6474820143884892
0.5787037037037037
0.71
0.6535433070866141
0.6285714285714286
0.5691489361702128
0.6023391812865497
0.6495726495726496
0.7380952380952381
0.6864406779661016
0.5828877005347594
0.6106870229007634
0.5789473684210527
0.6608695652173913
0.6041666666666666
0.580952380952381
0.6394557823129252
0.6952380952380952
0.6277372262773723
0.6611570247933884
0.5828220858895705
#5
0.6896551724137931
0.672
0.696969696969697
0.6544117647058824
0.7945205479452054
0.7263157894736842
0.6071428571428571
0.6785714285714286
0.6338028169014085
0.6810344827586207
0.6914893617021277
0.7065217391304348
0.6637931034482759
0.6896551724137931
0.6521739130434783
0.6691729323308271
0.6692307692307692
0.6893203883495146
0.620253164556962
0.6721311475409836
0.717391304347826
0.5675675675675675
0.7654320987654321
0.6782608695652174
0.6304347826086957
0.7019230769230769
0.7009345794392523
0.6089743589743589
0.7303370786516854
0.6439393939393939
0.7037037037037037
0.6492537313432836
0.6164383561643836
#7
0.7710843373493976
0.7386363636363636
0.7142857142857143
0.7764705882352941
0.6972477064220184
0.7346938775510204
0.7444444444444445
0.6747967479674797
0.7613636363636364
0.7972972972972973
0.8235294117647058
0.6893203883495146
0.7528089887640449
0.7087378640776699
0.7948717948717948
0.8194444444444444
0.8
0.7804878048780488
0.7972972972972973
0.7640449438202247
0.7710843373493976
0.775
0.8260869565217391
0.7721518987341772
0.7471264367816092
0.7252747252747253
0.7738095238095238
0.7129629629629629
0.7894736842105263
0.6890756302521008
0.8026315789473685
0.7395833333333334
0.7647058823529411
#10
0.8194444444444444
0.782051282051282
0.7922077922077922
0.8055555555555556
0.8235294117647058
0.7419354838709677
0.8813559322033898
0.7529411764705882
0.8133333333333334
0.8
0.8484848484848485
0.7530864197530864
0.7804878048780488
0.8115942028985508
0.7373737373737373
0.7804878048780488
0.7184466019417476
0.9122807017543859
0.8333333333333334
0.6583333333333333
0.7710843373493976
0.75
0.7875
0.873015873015873
0.8181818181818182
0.7647058823529411
0.8484848484848485
0.7974683544303798
0.8484848484848485
0.7441860465116279
0.7631578947368421
0.7419354838709677
0.8688524590163934
#15
0.8115942028985508
0.8833333333333333
0.8852459016393442
0.8026315789473685
0.8852459016393442
0.9122807017543859
0.9090909090909091
0.859375
0.821917808219178
0.873015873015873
0.9090909090909091
0.8405797101449275
0.8852459016393442
0.8333333333333334
0.8615384615384616
0.8484848484848485
0.873015873015873
0.8615384615384616
0.8983050847457628
0.8405797101449275
0.8852459016393442
0.8507462686567164
0.8709677419354839
0.8709677419354839
0.8688524590163934
0.8983050847457628
0.8709677419354839
0.873015873015873
0.859375
0.8133333333333334
0.8115942028985508
0.8615384615384616
0.8285714285714286
#20
0.8615384615384616
0.8852459016393442
0.9272727272727272
0.8461538461538461
0.8309859154929577
0.9433962264150944
0.9122807017543859
0.8813559322033898
0.9272727272727272
0.8813559322033898
0.8833333333333333
0.8852459016393442
0.9090909090909091
0.8709677419354839
0.8852459016393442
0.9607843137254902
0.9272727272727272
0.9411764705882353
0.8507462686567164
0.9122807017543859
0.8928571428571429
0.8484848484848485
0.8983050847457628
0.8983050847457628
0.9122807017543859
0.8983050847457628
0.8026315789473685
0.8928571428571429
0.9122807017543859
0.9272727272727272
0.8983050847457628
0.8947368421052632
0.9272727272727272
#30
0.9433962264150944
0.9607843137254902
0.9433962264150944
0.9591836734693877
0.9433962264150944
0.9122807017543859
0.9607843137254902
0.9433962264150944
0.9433962264150944
0.8983050847457628
0.9607843137254902
0.9433962264150944
0.8983050847457628
0.9272727272727272
0.9272727272727272
1.0
0.9795918367346939
0.9423076923076923
0.9272727272727272
0.9795918367346939
1.0
0.9607843137254902
0.9433962264150944
0.9122807017543859
0.9607843137254902
0.9090909090909091
0.8983050847457628
0.96
0.9272727272727272
0.9433962264150944
0.9433962264150944
0.9090909090909091
0.9423076923076923
