#1
0.7558139534883721
0.775
0.7558139534883721
0.8615384615384616
0.7380952380952381
0.8194444444444444
0.8333333333333334
0.8194444444444444
0.7128712871287128
0.759493670886076
0.71875
0.8169014084507042
0.8615384615384616
0.8142857142857143
0.8852459016393442
0.859375
0.8142857142857143
0.8082191780821918
0.8507462686567164
0.873015873015873
0.7792207792207793
0.8108108108108109
0.8709677419354839
0.8088235294117647
0.835820895522388
0.9272727272727272
0.7619047619047619
0.8461538461538461
0.7721518987341772
0.735632183908046
0.7972972972972973
0.7866666666666666
0.7222222222222222
#3
0.8507462686567164
0.9433962264150944
0.96
0.9423076923076923
0.8709677419354839
0.9607843137254902
0.9090909090909091
0.9795918367346939
0.9607843137254902
0.9245283018867925
0.9433962264150944
0.9607843137254902
0.8928571428571429
0.9090909090909091
0.8833333333333333
0.9433962264150944
0.9433962264150944
0.9607843137254902
0.8983050847457628
0.9272727272727272
0.8909090909090909
0.9107142857142857
0.9433962264150944
0.8833333333333333
0.896551724137931
0.9259259259259259
0.9122807017543859
0.9272727272727272
0.8983050847457628
0.9795918367346939
0.8983050847457628
0.9107142857142857
0.9259259259259259
#5
1.0
0.9107142857142857
0.9795918367346939
0.96
0.9122807017543859
0.9607843137254902
0.9433962264150944
0.9433962264150944
1.0
1.0
1.0
0.9795918367346939
0.9795918367346939
0.9607843137254902
1.0
0.9795918367346939
0.9607843137254902
0.9411764705882353
1.0
1.0
0.9795918367346939
0.9607843137254902
1.0
0.9795918367346939
0.9433962264150944
0.9607843137254902
0.9795918367346939
0.9607843137254902
0.9433962264150944
0.9795918367346939
0.9272727272727272
0.9795918367346939
0.9795918367346939
#7
1.0
0.9795918367346939
0.9795918367346939
1.0
0.9795918367346939
1.0
1.0
0.9607843137254902
0.9795918367346939
0.9795918367346939
0.9795918367346939
1.0
0.9795918367346939
1.0
1.0
0.9795918367346939
1.0
1.0
0.9607843137254902
0.9795918367346939
1.0
1.0
1.0
0.9795918367346939
0.9795918367346939
1.0
1.0
1.0
1.0
0.9795918367346939
0.9607843137254902
1.0
1.0
#10
1.0
0.9607843137254902
1.0
1.0
0.9607843137254902
1.0
1.0
1.0
1.0
1.0
1.0
0.9795918367346939
1.0
1.0
1.0
1.0
1.0
1.0
0.9795918367346939
1.0
1.0
1.0
1.0
0.9795918367346939
1.0
1.0
1.0
1.0
0.9795918367346939
1.0
1.0
1.0
1.0
#15
1.0
1.0
1.0
1.0
1.0
1.0
1.0
1.0
1.0
1.0
1.0
1.0
1.0
1.0
1.0
1.0
1.0
1.0
1.0
1.0
1.0
1.0
1.0
1.0
1.0
1.0
1.0
1.0
1.0
1.0
1.0
1.0
1.0
#20
1.0
1.0
1.0
1.0
1.0
1.0
1.0
1.0
1.0
1.0
1.0
1.0
1.0
1.0
1.0
1.0
1.0
1.0
1.0
1.0
1.0
1.0
1.0
1.0
1.0
1.0
1.0
1.0
1.0
1.0
1.0
1.0
1.0
#30
1.0
1.0
1.0
1.0
1.0
1.0
1.0
1.0
1.0
1.0
1.0
1.0
1.0
1.0
1.0
1.0
1.0
1.0
1.0
1.0
1.0
1.0
1.0
1.0
1.0
1.0
1.0
1.0
1.0
1.0
1.0
1.0
1.0
