#1
0.8260869565217391
0.9473684210526315
0.7931034482758621
0.7586206896551724
0.7777777777777778
0.68
0.8695652173913043
0.8695652173913043
0.8571428571428571
0.7407407407407407
0.696969696969697
0.782608695652174
0.9473684210526315
0.782608695652174
0.8148148148148148
0.84
0.9047619047619048
0.7931034482758621
0.8
0.8695652173913043
0.9473684210526315
0.8571428571428571
0.7407407407407407
0.76
0.782608695652174
0.7407407407407407
0.6666666666666666
0.9473684210526315
0.7586206896551724
0.8
0.782608695652174
0.8095238095238095
0.7419354838709677
#3
0.9411764705882353
1.0
0.9047619047619048
0.9473684210526315
1.0
0.8947368421052632
0.9411764705882353
0.9473684210526315
0.9411764705882353
1.0
1.0
1.0
0.9047619047619048
0.9473684210526315
0.9473684210526315
0.8947368421052632
1.0
1.0
1.0
0.9473684210526315
0.8947368421052632
0.9473684210526315
1.0
1.0
1.0
0.9047619047619048
1.0
0.9473684210526315
1.0
1.0
0.9473684210526315
1.0
0.9047619047619048
#5
1.0
1.0
1.0
1.0
1.0
1.0
0.84
0.9411764705882353
1.0
0.9411764705882353
1.0
1.0
1.0
0.9411764705882353
1.0
0.9411764705882353
1.0
1.0
1.0
0.9411764705882353
1.0
0.9047619047619048
1.0
0.9473684210526315
1.0
1.0
0.9047619047619048
1.0
1.0
1.0
1.0
1.0
1.0
#7
0.9411764705882353
1.0
1.0
1.0
0.9473684210526315
1.0
1.0
1.0
1.0
1.0
1.0
1.0
1.0
1.0
1.0
1.0
1.0
1.0
1.0
1.0
1.0
1.0
0.9411764705882353
1.0
1.0
1.0
1.0
1.0
1.0
1.0
1.0
1.0
1.0
#10
1.0
1.0
1.0
1.0
1.0
1.0
1.0
1.0
1.0
1.0
1.0
1.0
1.0
1.0
1.0
1.0
1.0
1.0
1.0
1.0
1.0
1.0
1.0
0.9473684210526315
1.0
1.0
1.0
1.0
1.0
1.0
1.0
1.0
1.0
#15
1.0
1.0
1.0
1.0
1.0
1.0
1.0
1.0
1.0
1.0
1.0
1.0
1.0
1.0
1.0
1.0
1.0
1.0
1.0
1.0
1.0
1.0
1.0
1.0
1.0
1.0
1.0
1.0
1.0
1.0
1.0
1.0
1.0
#20
1.0
1.0
1.0
1.0
1.0
1.0
1.0
1.0
1.0
1.0
1.0
1.0
1.0
1.0
1.0
1.0
1.0
1.0
1.0
1.0
1.0
1.0
1.0
1.0
1.0
1.0
1.0
1.0
1.0
1.0
1.0
1.0
1.0
#30
1.0
1.0
1.0
1.0
1.0
1.0
1.0
1.0
1.0
1.0
1.0
1.0
1.0
1.0
1.0
1.0
1.0
1.0
1.0
1.0
1.0
1.0
1.0
1.0
1.0
1.0
1.0
1.0
1.0
1.0
1.0
1.0
1.0
