#1
0.4406779661016949
0.5753424657534246
0.48314606741573035
0.6571428571428571
0.7586206896551724
0.5333333333333333
0.48484848484848486
0.49206349206349204
0.509090909090909
0.5490196078431373
0.5522388059701493
0.6363636363636364
0.6153846153846154
0.5151515151515151
0.4835164835164835
0.5609756097560976
0.8260869565217391
0.5462184873949579
0.4827586206896552
0.5254237288135594
0.46153846153846156
0.4927536231884058
0.5818181818181818
0.4716981132075472
0.5076923076923077
0.6216216216216216
0.5081967213114754
0.6363636363636364
0.6666666666666666
0.6511627906976745
0.6285714285714286
0.4956521739130435
0.4716981132075472
#3
0.7241379310344828
0.46153846153846156
0.5853658536585366
0.8
0.6896551724137931
0.6666666666666666
0.6774193548387096
0.8095238095238095
0.5161290322580645
0.5925925925925926
0.6521739130434783
0.5405405405405406
0.6774193548387096
0.7777777777777778
0.7407407407407407
0.6666666666666666
0.696969696969697
0.7407407407407407
0.6666666666666666
0.5660377358490566
0.5490196078431373
0.56
0.5294117647058824
0.8095238095238095
0.7407407407407407
0.6857142857142857
0.6923076923076923
0.7419354838709677
0.5189873417721519
0.6341463414634146
0.6285714285714286
0.782608695652174
0.8260869565217391
#5
0.6774193548387096
0.7586206896551724
0.6341463414634146
0.6857142857142857
0.5531914893617021
0.7777777777777778
0.6097560975609756
0.6551724137931034
0.7777777777777778
0.6451612903225806
0.6896551724137931
0.7931034482758621
0.7586206896551724
0.7241379310344828
0.6896551724137931
0.7027027027027027
0.7272727272727273
0.6857142857142857
0.6585365853658537
0.7241379310344828
0.6896551724137931
0.7777777777777778
0.6170212765957447
0.6451612903225806
0.84
0.7586206896551724
0.8260869565217391
0.7931034482758621
0.6551724137931034
0.7407407407407407
0.6521739130434783
0.7391304347826086
0.7619047619047619
#7
0.7391304347826086
0.7777777777777778
0.6666666666666666
0.7391304347826086
0.84
0.76
0.64
0.8695652173913043
0.8695652173913043
0.7586206896551724
0.6774193548387096
0.6666666666666666
0.8947368421052632
0.9047619047619048
0.6585365853658537
0.7777777777777778
0.7037037037037037
0.9047619047619048
0.7777777777777778
0.7407407407407407
0.6571428571428571
0.7407407407407407
0.7142857142857143
0.7619047619047619
0.8095238095238095
0.8695652173913043
0.6551724137931034
0.7647058823529411
0.6923076923076923
0.8823529411764706
0.6410256410256411
0.8260869565217391
0.6585365853658537
#10
0.7096774193548387
0.6571428571428571
0.8148148148148148
0.7931034482758621
0.9473684210526315
0.8695652173913043
0.8
1.0
0.7586206896551724
0.8148148148148148
0.8571428571428571
0.8571428571428571
0.8095238095238095
0.7575757575757576
0.7096774193548387
0.8947368421052632
0.7741935483870968
0.9047619047619048
0.8695652173913043
0.8095238095238095
0.9047619047619048
0.9411764705882353
0.8148148148148148
0.8947368421052632
0.8
0.7777777777777778
0.7741935483870968
0.8095238095238095
1.0
0.8571428571428571
0.8260869565217391
0.8571428571428571
0.782608695652174
#15
0.8260869565217391
0.9473684210526315
0.9047619047619048
0.9473684210526315
0.7586206896551724
0.9047619047619048
0.9047619047619048
1.0
0.9411764705882353
1.0
0.9473684210526315
0.9473684210526315
1.0
0.8571428571428571
0.9473684210526315
0.8947368421052632
0.9473684210526315
1.0
0.9411764705882353
0.9047619047619048
0.8571428571428571
1.0
0.8947368421052632
0.8148148148148148
0.7619047619047619
1.0
0.9047619047619048
0.9047619047619048
0.8
0.9473684210526315
0.9047619047619048
0.8947368421052632
0.8947368421052632
#20
1.0
1.0
0.8695652173913043
0.9047619047619048
1.0
0.9473684210526315
1.0
0.9047619047619048
0.8695652173913043
1.0
1.0
0.9047619047619048
0.9473684210526315
1.0
0.8947368421052632
0.9473684210526315
0.9473684210526315
0.8095238095238095
0.8260869565217391
0.8571428571428571
0.9473684210526315
0.8947368421052632
1.0
0.9411764705882353
1.0
1.0
1.0
0.9473684210526315
1.0
0.9473684210526315
1.0
1.0
0.9473684210526315
#30
0.9473684210526315
1.0
1.0
1.0
1.0
1.0
0.9473684210526315
1.0
1.0
1.0
0.9047619047619048
1.0
0.9473684210526315
1.0
1.0
0.9047619047619048
0.9047619047619048
1.0
0.8571428571428571
0.9047619047619048
0.9047619047619048
1.0
0.9411764705882353
1.0
0.9473684210526315
0.9473684210526315
0.9473684210526315
1.0
1.0
1.0
0.9047619047619048
1.0
1.0
