#1
1138500.0
1086750.0
941850.0
1236825.0
1060875.0
1076400.0
1019475.0
936675.0
1169550.0
1324800.0
1133325.0
1081575.0
910800.0
1226475.0
926325.0
1055700.0
1107450.0
1340325.0
1029825.0
884925.0
1024650.0
1107450.0
998775.0
931500.0
1247175.0
1035000.0
1055700.0
1122975.0
905625.0
1138500.0
978075.0
884925.0
1236825.0
765900.0
1009125.0
905625.0
952200.0
1076400.0
859050.0
988425.0
988425.0
1143675.0
1102275.0
1288575.0
952200.0
1050525.0
926325.0
1071225.0
1122975.0
1174725.0
1097100.0
1071225.0
1076400.0
828000.0
1071225.0
1014300.0
967725.0
1076400.0
962550.0
921150.0
1024650.0
1107450.0
1009125.0
1035000.0
1190250.0
1252350.0
1133325.0
895275.0
1029825.0
1003950.0
1081575.0
1361025.0
1205775.0
952200.0
1045350.0
1329975.0
1117800.0
998775.0
1179900.0
1128150.0
1076400.0
1060875.0
900450.0
1122975.0
1029825.0
807300.0
1024650.0
853875.0
1221300.0
1102275.0
864225.0
714150.0
1055700.0
1029825.0
1060875.0
952200.0
1003950.0
978075.0
1050525.0
1102275.0
#3
869400.0
1071225.0
921150.0
910800.0
1185075.0
760725.0
833175.0
833175.0
1081575.0
941850.0
921150.0
910800.0
817650.0
998775.0
1035000.0
745200.0
864225.0
1102275.0
941850.0
1024650.0
952200.0
1071225.0
1040175.0
703800.0
915975.0
1060875.0
884925.0
1091925.0
1112625.0
1097100.0
1040175.0
926325.0
1055700.0
765900.0
719325.0
905625.0
807300.0
864225.0
848700.0
957375.0
947025.0
1195425.0
859050.0
890100.0
983250.0
838350.0
947025.0
859050.0
1055700.0
1019475.0
1019475.0
895275.0
807300.0
1024650.0
998775.0
1009125.0
853875.0
1071225.0
988425.0
869400.0
972900.0
1019475.0
1045350.0
983250.0
869400.0
952200.0
817650.0
931500.0
972900.0
1097100.0
947025.0
926325.0
1226475.0
719325.0
910800.0
1060875.0
1081575.0
1169550.0
1221300.0
1003950.0
915975.0
1040175.0
1257525.0
776250.0
936675.0
998775.0
1071225.0
693450.0
1029825.0
910800.0
864225.0
765900.0
859050.0
962550.0
1066050.0
978075.0
978075.0
848700.0
1071225.0
848700.0
#5
796950.0
952200.0
853875.0
1050525.0
895275.0
745200.0
1003950.0
786600.0
952200.0
812475.0
1003950.0
900450.0
1009125.0
859050.0
879750.0
957375.0
755550.0
967725.0
957375.0
879750.0
910800.0
817650.0
988425.0
853875.0
931500.0
859050.0
947025.0
1045350.0
926325.0
1009125.0
931500.0
915975.0
895275.0
802125.0
947025.0
859050.0
1076400.0
921150.0
978075.0
1045350.0
776250.0
936675.0
848700.0
983250.0
822825.0
833175.0
900450.0
1009125.0
1035000.0
848700.0
879750.0
802125.0
1091925.0
708975.0
957375.0
848700.0
1019475.0
869400.0
879750.0
714150.0
910800.0
1091925.0
781425.0
760725.0
921150.0
817650.0
967725.0
895275.0
848700.0
1117800.0
890100.0
812475.0
972900.0
921150.0
864225.0
1009125.0
1097100.0
776250.0
988425.0
838350.0
760725.0
864225.0
972900.0
941850.0
864225.0
947025.0
724500.0
1003950.0
1050525.0
864225.0
864225.0
947025.0
1019475.0
771075.0
993600.0
983250.0
760725.0
874575.0
947025.0
967725.0
#7
884925.0
895275.0
884925.0
895275.0
822825.0
936675.0
998775.0
859050.0
926325.0
838350.0
802125.0
796950.0
993600.0
755550.0
796950.0
817650.0
807300.0
874575.0
957375.0
755550.0
755550.0
859050.0
838350.0
760725.0
802125.0
1019475.0
900450.0
729675.0
947025.0
786600.0
921150.0
781425.0
936675.0
776250.0
978075.0
828000.0
729675.0
776250.0
921150.0
957375.0
765900.0
1019475.0
812475.0
941850.0
828000.0
760725.0
859050.0
652050.0
890100.0
796950.0
796950.0
978075.0
972900.0
750375.0
962550.0
853875.0
734850.0
786600.0
947025.0
765900.0
993600.0
864225.0
838350.0
895275.0
734850.0
921150.0
910800.0
786600.0
817650.0
796950.0
941850.0
807300.0
1066050.0
890100.0
1003950.0
972900.0
921150.0
817650.0
967725.0
895275.0
879750.0
791775.0
972900.0
926325.0
817650.0
998775.0
833175.0
864225.0
828000.0
900450.0
843525.0
978075.0
921150.0
874575.0
967725.0
822825.0
786600.0
833175.0
905625.0
957375.0
#10
776250.0
884925.0
734850.0
895275.0
791775.0
978075.0
962550.0
791775.0
941850.0
936675.0
724500.0
703800.0
683100.0
683100.0
817650.0
765900.0
740025.0
817650.0
874575.0
750375.0
828000.0
760725.0
771075.0
807300.0
838350.0
962550.0
910800.0
900450.0
1081575.0
869400.0
672750.0
828000.0
833175.0
848700.0
698625.0
900450.0
859050.0
822825.0
1014300.0
734850.0
755550.0
952200.0
910800.0
895275.0
776250.0
828000.0
921150.0
765900.0
931500.0
791775.0
776250.0
1003950.0
776250.0
853875.0
859050.0
708975.0
905625.0
957375.0
952200.0
662400.0
864225.0
807300.0
755550.0
719325.0
828000.0
848700.0
740025.0
838350.0
859050.0
765900.0
993600.0
765900.0
698625.0
750375.0
947025.0
838350.0
910800.0
708975.0
890100.0
864225.0
822825.0
936675.0
895275.0
760725.0
807300.0
988425.0
760725.0
931500.0
828000.0
750375.0
895275.0
807300.0
947025.0
833175.0
952200.0
786600.0
822825.0
884925.0
755550.0
936675.0
#15
869400.0
802125.0
771075.0
879750.0
915975.0
895275.0
910800.0
807300.0
884925.0
745200.0
698625.0
822825.0
771075.0
967725.0
936675.0
952200.0
921150.0
755550.0
905625.0
848700.0
962550.0
765900.0
941850.0
760725.0
879750.0
879750.0
698625.0
771075.0
760725.0
771075.0
869400.0
796950.0
1009125.0
822825.0
760725.0
947025.0
869400.0
884925.0
838350.0
781425.0
941850.0
708975.0
646875.0
771075.0
807300.0
657225.0
853875.0
781425.0
853875.0
879750.0
952200.0
822825.0
802125.0
693450.0
869400.0
869400.0
853875.0
771075.0
786600.0
833175.0
848700.0
708975.0
879750.0
745200.0
936675.0
890100.0
796950.0
781425.0
890100.0
667575.0
771075.0
864225.0
853875.0
755550.0
1029825.0
714150.0
874575.0
765900.0
745200.0
729675.0
859050.0
848700.0
776250.0
755550.0
755550.0
936675.0
879750.0
838350.0
688275.0
1019475.0
859050.0
776250.0
926325.0
900450.0
864225.0
802125.0
807300.0
729675.0
771075.0
895275.0
#20
843525.0
765900.0
879750.0
708975.0
760725.0
765900.0
677925.0
781425.0
859050.0
838350.0
1003950.0
750375.0
988425.0
905625.0
683100.0
879750.0
972900.0
848700.0
869400.0
796950.0
807300.0
781425.0
760725.0
703800.0
781425.0
833175.0
781425.0
786600.0
796950.0
1040175.0
983250.0
967725.0
838350.0
859050.0
931500.0
905625.0
900450.0
776250.0
822825.0
802125.0
884925.0
910800.0
848700.0
817650.0
719325.0
853875.0
807300.0
879750.0
853875.0
895275.0
931500.0
926325.0
905625.0
952200.0
734850.0
708975.0
890100.0
812475.0
843525.0
900450.0
776250.0
589950.0
879750.0
796950.0
905625.0
833175.0
1091925.0
915975.0
890100.0
760725.0
910800.0
677925.0
755550.0
869400.0
745200.0
708975.0
765900.0
626175.0
838350.0
605475.0
874575.0
812475.0
802125.0
688275.0
905625.0
931500.0
683100.0
1009125.0
755550.0
993600.0
848700.0
771075.0
869400.0
859050.0
884925.0
859050.0
859050.0
755550.0
791775.0
765900.0
#30
802125.0
947025.0
848700.0
802125.0
760725.0
776250.0
843525.0
833175.0
812475.0
708975.0
905625.0
776250.0
760725.0
864225.0
817650.0
724500.0
859050.0
817650.0
724500.0
1029825.0
771075.0
796950.0
817650.0
957375.0
740025.0
941850.0
745200.0
895275.0
848700.0
765900.0
765900.0
859050.0
807300.0
745200.0
983250.0
807300.0
1014300.0
822825.0
776250.0
895275.0
843525.0
972900.0
843525.0
910800.0
905625.0
812475.0
822825.0
843525.0
693450.0
760725.0
915975.0
828000.0
812475.0
843525.0
843525.0
683100.0
657225.0
781425.0
833175.0
734850.0
915975.0
853875.0
859050.0
796950.0
812475.0
828000.0
667575.0
884925.0
750375.0
838350.0
796950.0
874575.0
915975.0
848700.0
776250.0
786600.0
729675.0
791775.0
967725.0
905625.0
729675.0
848700.0
864225.0
812475.0
931500.0
915975.0
936675.0
828000.0
760725.0
807300.0
874575.0
859050.0
828000.0
895275.0
895275.0
879750.0
765900.0
812475.0
714150.0
786600.0
