#1
0.8520543008169149
0.8519002375296912
0.8574751028683881
0.8492471213463242
0.8547323391361179
0.8581620314389359
0.8521487553492858
0.850900659889424
0.8546874089611374
0.8571510659081768
0.8523930663195882
0.8551490675852239
0.8560758743331357
0.853600804781348
0.8552609067579128
0.8488237091353499
0.8503744992161645
0.8556531284302964
0.8513006796344036
0.8507751937984496
0.841648963656198
0.8527632344386271
0.8566813691992297
0.8559995326556841
0.8592693630648797
0.8562055091303002
0.8509232493658191
0.8524202388507471
0.8532736693358455
0.8529051094890511
0.8481706239321275
0.8577954081019353
0.8535791757049892
#3
0.8957951312045527
0.8894563320188764
0.8826196164920664
0.8809158431035541
0.8832927666479435
0.8888450926290895
0.8844597731644226
0.8806479642502483
0.8874943391343728
0.8883413386563533
0.8908747640025173
0.8853949611668877
0.8832986570834122
0.8862962729393958
0.8822556092395261
0.8812463636951322
0.884032634032634
0.881620132715663
0.8845928910260575
0.8791168799660338
0.8837310464827244
0.8868288144603934
0.8873493587678031
0.8830601784471303
0.8783366287691547
0.8815552099533437
0.8876455368693402
0.8910770415036243
0.883105256426653
0.883467278989667
0.8888820525441457
0.8852184011871733
0.8875241157556271
#5
0.9228864520693314
0.9137337920084678
0.9206744057490326
0.922211188348229
0.9224556840736432
0.9275432525951557
0.9188272836059035
0.9222328898642161
0.919972115719763
0.9178176321033464
0.9209190865520158
0.9237035025794189
0.9223921930634313
0.9140902872777018
0.917044985555097
0.922601509162774
0.917344636630888
0.9207292093404342
0.9190872729657071
0.9213422818791946
0.9146618551189521
0.9165178276112985
0.9186727850335333
0.9227864583333333
0.9196113662074932
0.9185999460480173
0.9148164641516636
0.9194416070820565
0.9227007200108681
0.9187870111277413
0.9185550970709598
0.9206716467244
0.9177709819911655
#7
0.9387965379859871
0.9393443740203095
0.940528480792024
0.9458227848101266
0.9411019632678911
0.9398425651765725
0.9414259019692396
0.9416745747864808
0.9405486712986175
0.9396740280815635
0.940375753278979
0.9419373383156079
0.9416752843846949
0.942318474908887
0.9423664677630621
0.9408529180655761
0.9367097701149425
0.9430384111440591
0.9392373744724203
0.9412141941000427
0.9429126772730545
0.9375043739939813
0.944614508435965
0.9384689588644664
0.940592675426335
0.9438441853852715
0.9444245762105715
0.9452377447372295
0.9399434599737986
0.9405960805661404
0.9406065711878686
0.93963768622788
0.9432604093154552
#10
0.9634119462199692
0.9607173976183561
0.9566296728971962
0.9574842398475297
0.9581491080957463
0.9630028459349281
0.9604450825556353
0.96036866359447
0.9611657353045201
0.9646888567293778
0.9619407967950144
0.9596166044118684
0.9584159870692822
0.9587420657818811
0.9596194349625972
0.9606662205368429
0.9602361910456686
0.9626391096979332
0.9614159292035398
0.9611223043056488
0.9601125571579318
0.9616852613035819
0.9602699219046175
0.9595275817370013
0.9607296137339055
0.9608236693428487
0.9577302513141788
0.9622655070797096
0.9615948402228086
0.9608457321848082
0.9596238155847829
0.9591024249004705
0.9586323034119197
#15
0.978257643217572
0.9811430651619949
0.9781981160741416
0.9801876955161627
0.9786761439360284
0.9788748220840512
0.9812621795832709
0.9771689497716894
0.9803155522163787
0.979307208368074
0.9785793154214207
0.9781178149528265
0.977761304670126
0.9777760629678216
0.9779389312977099
0.9791287188828173
0.9786210977955319
0.9813307445299081
0.9753477588871715
0.9792202070636611
0.9787347155768208
0.9801840056617127
0.9795964125560538
0.9810639552018863
0.9796787448636534
0.9804562681132496
0.9786717658306979
0.978674222653046
0.9798421751699351
0.9790056859600524
0.9788383953718505
0.9798350137488543
0.9774006941766293
#20
0.9880330897116697
0.9869973694099963
0.9884704073789393
0.9857474825716499
0.9870952962736713
0.9860052868916187
0.9858913399329644
0.9895011169024572
0.9886145088083699
0.9872840152591816
0.9885518881950639
0.9890011223344557
0.9888356061741346
0.9871299871299871
0.9898289761169291
0.988875550220088
0.9886288606852028
0.9896994388500269
0.9859593199757134
0.9876137319366924
0.9888811674774148
0.9883045405901238
0.9891470609658387
0.9876724390959789
0.9883253440544302
0.9904739955442883
0.9893180586732719
0.9888575248848611
0.9880472135066487
0.9879005153484204
0.989789506754634
0.9872794730067389
0.9871126112304388
#30
0.9953596287703016
0.9941562600064041
0.9949456272017154
0.995916444165227
0.9956837800999546
0.9950954096099318
0.9965023847376788
0.9952260182008056
0.9955765947539966
0.9963741305313009
0.9964476021314387
0.9954747538901239
0.9944178628389154
0.9962527167803342
0.9948825308211212
0.9961139896373057
0.9963921568627451
0.9943155630665232
0.9958231539128379
0.9939454322501533
0.9955675162260567
0.9959585176147628
0.9966311920986142
0.9958684252343875
0.9950687387925882
0.9953857362583988
0.9952542372881356
0.9951320724602984
0.9950256143737471
0.9955816195372751
0.9946723494938732
0.995710455764075
0.9965482074213541
