#1
0.9033429236881765
0.9000840173204938
0.9034022681787859
0.9027861294848667
0.9033185262607787
0.9059915398699413
0.9027396385465227
0.9054603640242683
0.9011992368492777
0.9034663442160419
0.9087186261558785
0.9068753715078264
0.9062969986268228
0.905246725039028
0.9035982297479315
0.9052238316838173
0.9016078872493879
0.9075132844555055
0.9014567266495287
0.9007210575510749
0.9022086216072379
0.9134109816971714
0.9060220188353894
0.9048490393412626
0.90066401062417
0.9034509251552596
0.9045499833942212
0.897881410670456
0.9032474503488996
0.9053975996405879
0.9079377533673336
0.9071948580048534
0.9065574853067424
#3
0.9444046424989253
0.9391421673057805
0.939815791323912
0.9426023160468964
0.9399676261524386
0.9442162162162162
0.9437065148640101
0.9444245762105715
0.9443475835134947
0.9446708572218001
0.9431002954001969
0.941969696969697
0.9423925027563396
0.9403122782114975
0.9398822869955157
0.940481245576787
0.9442580829348369
0.936795230912878
0.9409997854537653
0.9407100507179085
0.9427177700348432
0.9438722966014418
0.943046820405311
0.9451491497072763
0.940077546704265
0.9469882998699986
0.9429733780600956
0.940724946695096
0.9414962288509886
0.9398647676593296
0.9402818473559369
0.9398997134670487
0.9394216133942161
#5
0.9693497991370332
0.9694869283507873
0.9680448391323336
0.967167543200601
0.9661637615350813
0.9673946478006767
0.9653536515238643
0.9703639764062725
0.9665736115192477
0.9674245247856876
0.968193668528864
0.9675430778371955
0.9674705969927051
0.9677274764679515
0.9650966554157717
0.9661587040087863
0.9648646666177657
0.9662930094971197
0.9677028969064367
0.9694171082513248
0.9700562395500836
0.9666439238874991
0.9688375098729087
0.9665463119887997
0.9669498179741595
0.9684312411585139
0.9655726417259582
0.9664530991289324
0.966357679399073
0.9672886605726373
0.9697914347212945
0.9695903861654576
0.9694277888814864
#7
0.9837328767123288
0.9828009828009828
0.9827437446074202
0.9827848872638635
0.983096634763816
0.9832864729771946
0.9824024483550114
0.9817869147189869
0.9810234069260872
0.98158310155604
0.9811921970933396
0.9826349565873914
0.9803594449078638
0.9829687381727349
0.9809061979087741
0.9837361644454484
0.9801769072816301
0.9836725218602491
0.984925788497217
0.9828358208955223
0.9834459208670477
0.9827920143027413
0.9822898295120517
0.9808921878444918
0.9827217125382263
0.9817037470725996
0.9824998114203817
0.9836481744194728
0.9829398214799885
0.9806504428071742
0.9821414884647812
0.98381777743692
0.9821731748726655
#10
0.9920012797952328
0.9917374517374518
0.9916861915199153
0.9918607462325731
0.9905398793019083
0.9912878787878788
0.991189770778107
0.9919164966253335
0.9918206604059376
0.9921692643626233
0.9911993965300477
0.9918452935694315
0.9910501193317423
0.9929180627474871
0.9911408982358832
0.9915545824210197
0.992702412044861
0.9917951077371367
0.9921665002687966
0.9917768213956348
0.9909734650999922
0.9921058741583468
0.9925096410560664
0.9907457811649428
0.9929795425379331
0.991578947368421
0.9920988033139
0.9928030013015848
0.992272147864882
0.99079754601227
0.9916983474280394
0.9931913546037526
0.9925847457627118
#15
0.9969824505677758
0.9979230769230769
0.9968625650443832
0.9976327625660854
0.9974203950020153
0.9979060723900688
0.9973990208078335
0.9978114614574045
0.9978864970645792
0.9980585540110274
0.9982182973119529
0.9967602591792657
0.9971203984745894
0.9979700187382886
0.9972651976871386
0.99765625
0.9976228816808527
0.9980733662145499
0.9974507531865585
0.9975316260413453
0.997639653815893
0.997561180724918
0.9969835254079975
0.9977156360771957
0.9970172084130019
0.9972567248342604
0.9977468728148551
0.9982825567502986
0.9977891286117252
0.9977852451504506
0.9974422628451064
0.9973406398581675
0.9975124378109452
#20
0.9988241749627655
0.9987831589194451
0.999127814779575
0.999310239117106
0.9993762669577421
0.9993085433312846
0.9987623762376238
0.999372352110466
0.999443649658242
0.9989004084197298
0.9990286546867412
0.9990627928772259
0.998598785614199
0.9990528060620412
0.9992637434554974
0.9990522824198389
0.9993917737398312
0.9990648379052369
0.99890316515199
0.9993629051525046
0.9992071043450682
0.9990056600887257
0.9988709677419355
0.9995533720410897
0.998766142962902
0.9991504479456287
0.9993123997249599
0.9988889770653123
0.9993845206954917
0.9993733845069319
0.9992320098302742
0.9992784414334963
0.999219664455716
#30
0.9998417846689345
0.9997696029490822
0.9999201596806387
0.9999237862967761
0.9999224505622334
0.9998424204223133
0.9998408023561252
0.9998442246280863
0.9998392024441228
0.9996293276002669
1.0
0.9997702733746842
1.0
0.9998456075343524
0.9997763030348221
1.0
0.9998419222257351
0.99992055926279
0.9999243513125047
0.9998451892561344
0.9999207606973058
0.9998421966230078
0.9996891030623348
0.9996895855967717
1.0
0.9999204771371769
0.9999206664022213
1.0
0.9997637237142633
0.9997715156130997
0.9999180395049586
0.9996847911741529
0.9996908332045138
