#1
3.9248037732557684E7
3.988138009347984E7
3.9384346385771155E7
3.946124226659176E7
3.993648162082824E7
3.8373589601979375E7
3.914595538339922E7
3.9859834782280505E7
4.010616704356322E7
4.0848657495049864E7
3.929044129093087E7
4.0782906712516755E7
3.95283337231548E7
3.947586440872058E7
4.119211174704498E7
3.857957833790615E7
4.11446258465741E7
3.801541030494842E7
3.989586489589977E7
3.996943060068378E7
4.03299262514652E7
4.06634602842156E7
3.861571861355272E7
4.049196493070769E7
4.075249109269148E7
3.861933381904042E7
3.97038406985769E7
4.040936020714706E7
4.006957168626836E7
3.91486252856428E7
3.9138412083126515E7
3.841167895732024E7
3.906442107820907E7
#3
3.813470103700912E7
3.69151082290898E7
3.8573216637002975E7
3.8457885429151654E7
3.716066550535485E7
3.6016343524561286E7
3.638786851725224E7
3.734309964152339E7
3.694597912920776E7
3.779336650088918E7
3.817773696865019E7
3.7013459376831025E7
3.752317486988166E7
3.812377329634908E7
3.565042605169746E7
3.7361427137774795E7
3.660579084732002E7
3.746652068784973E7
3.6839844626179665E7
3.8904032304445356E7
3.835604867106637E7
3.500390694425002E7
3.7020244438987255E7
3.7441756508325756E7
3.7623217083128124E7
3.820128993639663E7
3.7520577003636E7
3.649828120913851E7
3.629708348659766E7
3.6973838108792156E7
3.8205196271088034E7
3.687027808021277E7
3.723185301504314E7
#5
3.414632821507564E7
3.6092928634349495E7
3.5876283014336854E7
3.661242106476635E7
3.6139389742693394E7
3.5710380763687134E7
3.745844413680965E7
3.61414747495375E7
3.432066278353661E7
3.477974786134055E7
3.4866509385103226E7
3.654099930785859E7
3.67878948499943E7
3.532001363113403E7
3.467798369683322E7
3.3907119650942534E7
3.623109392508772E7
3.487479435073203E7
3.714597191121179E7
3.6927282780725956E7
3.558807570226425E7
3.668597811426839E7
3.388338792939332E7
3.7350704628328264E7
3.6388829098860204E7
3.581370339647779E7
3.806076565026569E7
3.524607097030413E7
3.622149131198859E7
3.639467855546853E7
3.5594723980379194E7
3.670440026711789E7
3.5112149229109794E7
#7
3.542252668982756E7
3.5649860054647565E7
3.507113476682818E7
3.366657945375547E7
3.487556961332747E7
3.544520808448076E7
3.420961549353433E7
3.403107903096396E7
3.422322568982014E7
3.476407063650969E7
3.513294935746041E7
3.389314388238466E7
3.561237329149157E7
3.4637022078039676E7
3.376550565181446E7
3.409825359067994E7
3.447991773095888E7
3.584635827567467E7
3.406867974283388E7
3.4596362000180125E7
3.4547977277113974E7
3.462700441889271E7
3.4964530705367446E7
3.527280728968191E7
3.42260687605412E7
3.4458294447785765E7
3.4247257373808324E7
3.358967562093428E7
3.5289794935497254E7
3.5812558707131624E7
3.537638177822256E7
3.480094800866032E7
3.355609641267684E7
#10
3.339492152186948E7
3.421557397602269E7
3.356903948993915E7
3.4204081755610496E7
3.2397976560273707E7
3.2607603113836706E7
3.4326061732185245E7
3.2776322138698876E7
3.544320378793582E7
3.420956749017745E7
3.39458409622685E7
3.449962553858024E7
3.3679175438183874E7
3.446070428032726E7
3.376092545799637E7
3.2780858193496943E7
3.417532588201502E7
3.4671272074498594E7
3.450186372595069E7
3.30835335266093E7
3.511821447520843E7
3.396980158109933E7
3.205589911158845E7
3.488106490887147E7
3.405894400148454E7
3.3093598222726643E7
3.482884128114045E7
3.485148318164107E7
3.40614134414978E7
3.4906790087409586E7
3.458369256285784E7
3.364041157871425E7
3.348958177427727E7
#15
3.386368222456482E7
3.4016343240752846E7
3.2693207506864518E7
3.305438791367027E7
3.4223516527787715E7
3.313004843553096E7
3.3178463933734953E7
3.2686893754499763E7
3.2893915824367583E7
3.311932156227413E7
3.3823139189287215E7
3.1973161283614933E7
3.3309199265506715E7
3.2880374662494957E7
3.238654409193036E7
3.279074949188143E7
3.3403516537513196E7
3.414120095284742E7
3.25306616628187E7
3.388724354660377E7
3.2601191132976115E7
3.1760117137456566E7
3.307194988916838E7
3.359109202774984E7
3.3175878519396275E7
3.3924776542948276E7
3.394669544500932E7
3.3063061629159093E7
3.1690692712053537E7
3.442826533794451E7
3.233426472077447E7
3.3339820598474085E7
3.298967577682945E7
#20
3.1525808357460916E7
3.3919971479801774E7
3.2726019175253212E7
3.1998710711761057E7
3.313697358534524E7
3.176282996061051E7
3.247546447363901E7
3.376047556274052E7
3.225741772923392E7
3.3494924551724643E7
3.3808901410604596E7
3.3458039797738373E7
3.3209874630156845E7
3.402343115115148E7
3.3257043272837788E7
3.141396214569828E7
3.399019670161307E7
3.248268892546749E7
3.3383003800255E7
3.2801814636692584E7
3.2458237675882727E7
3.321249599918738E7
3.362237578603265E7
3.376042130547497E7
3.257419934062636E7
3.291107452835977E7
3.270340487826115E7
3.3256303123366714E7
3.36818691787363E7
3.330726068271303E7
3.231191645495099E7
3.29087862097376E7
3.2695956802327037E7
#30
3.2264599080348015E7
3.1668735898690313E7
3.2952353352703482E7
3.21300644231911E7
3.306569913912052E7
3.334908628552933E7
3.217733943037364E7
3.3744545762471616E7
3.3026400755313814E7
3.3403580728087574E7
3.2136930600023568E7
3.2103704638443142E7
3.164037659758365E7
3.3485642132601768E7
3.2603851124844432E7
3.3281643949704856E7
3.208763212948662E7
3.340042420829916E7
3.2642691601890832E7
3.259888878521043E7
3.211961108633244E7
3.3135609569435477E7
3.3296995649067163E7
3.180508200111097E7
3.3921171548479825E7
3.118782602190882E7
3.2449750817580342E7
3.2032999375481308E7
3.3480129280470908E7
3.1594674689165264E7
3.378441259251496E7
3.345495217115289E7
3.2374873663352072E7
