#1
0.9530711825487945
0.952631194803299
0.9529891920489759
0.955552348654304
0.9552238805970149
0.9525593944390317
0.9554616610099051
0.9548190586699543
0.9512632787826586
0.952609349273391
0.9528799648248572
0.9557926829268293
0.9517098297324367
0.9507371449119022
0.9521152250961465
0.9507440788094739
0.9558641750890715
0.9545805004555968
0.9529060254677385
0.9553898013340028
0.9545005643340858
0.9507123327097424
0.9538022134951802
0.9581165979868945
0.9515009912206174
0.9546712802768166
0.9528380318947925
0.9553916916113018
0.9565835766150161
0.9514563106796117
0.9540761836952653
0.9547198772064467
0.9520909757887014
#3
0.9836734693877551
0.9821574604118652
0.9834090909090909
0.983162463518671
0.9819488817891374
0.9829602664394702
0.9833812223343946
0.98357259138671
0.9852122875219148
0.9825114463709375
0.9821837805869742
0.9831371059627801
0.98283388827229
0.982553224194912
0.9832967032967033
0.9830731066686123
0.9833507540689861
0.9852061693421467
0.9852770244091438
0.9822983168891468
0.9818223303924551
0.9822664696274404
0.9817896857974475
0.9838721664808622
0.9842721287490855
0.9827265685515104
0.9841565010413568
0.9823228524146231
0.9835588420390182
0.9843175508366474
0.9852247720842502
0.9840506532018914
0.9828457650482463
#5
0.9940809722989503
0.9935391241923905
0.9947160883280757
0.9939283545840923
0.994522632179536
0.9943684004693
0.9945991176023125
0.995226917057903
0.9945888270711074
0.9933209647495361
0.9959988144635448
0.9932056825200741
0.9952337721289151
0.9953017178094259
0.9938199170773684
0.9945779049627231
0.9945896517564581
0.9944218302427258
0.9941074795725958
0.9946662483332026
0.9948166182360795
0.9955687982275193
0.9947863979456851
0.9948829859282113
0.9939726863508049
0.9951373693168004
0.9949820251647693
0.9952008269344359
0.9949518127581459
0.9946339593714066
0.9954791313473803
0.9940105966367196
0.9929886740118653
#7
0.9985235838060456
0.9976451481932602
0.9985489537192608
0.9984013398294762
0.9987796941099902
0.9985052316890882
0.9985083532219571
0.9987122187713052
0.9983587338804221
0.9973742838956079
0.9984515329823475
0.9981176855716507
0.9980155580250833
0.9985066415153658
0.9975851055542573
0.9983497053045186
0.9983735870537529
0.9983672834706888
0.9980742999277863
0.9988218835137325
0.9980968995321544
0.9985942991019133
0.998222016079159
0.9988722410182053
0.9976908989569233
0.9982848678568644
0.9981415643180349
0.9985020498265531
0.9988469521100777
0.9981652906346427
0.9985100376411543
0.9980742566630719
0.9981074631778162
#10
0.9998462957270212
0.9998428908091124
0.9996928746928747
0.9998449131513648
0.9999241332220621
0.9998408150270615
0.9996882307092751
0.9996058957988492
0.9996781979082864
0.9996039917630287
0.9995290423861852
0.9998419721871049
0.9996208674552624
0.9993675389358843
0.9993940771036885
0.9997703261368857
0.9995504270942605
0.9996069491392187
0.9997623009270263
0.9997688573850065
0.9995423690031271
0.999539453484802
0.9996019425204999
0.9997630706049597
0.9997697090657864
0.9996036778693722
0.9995274846432509
0.9998481742959083
0.9997736532367587
0.9997600575861794
0.999462695732269
0.9997501249375312
0.9997681786569816
#15
1.0
0.999922015129065
0.9998428414269999
0.9999212040028367
1.0
1.0
1.0
0.999922287845819
1.0
0.9999234420456286
1.0
0.9999182806243361
1.0
0.9999238617329069
1.0
0.9999243341404358
1.0
1.0
1.0
1.0
1.0
0.999848954006495
1.0
1.0
0.9998480820357007
0.9999207041471732
1.0
1.0
0.999919826825944
1.0
0.9999219664455716
1.0
0.9999241217087791
#20
0.9999232893525621
1.0
1.0
1.0
1.0
1.0
1.0
1.0
1.0
1.0
1.0
1.0
1.0
1.0
1.0
1.0
1.0
1.0
1.0
1.0
1.0
1.0
1.0
1.0
1.0
1.0
1.0
1.0
1.0
1.0
1.0
1.0
1.0
#30
1.0
1.0
1.0
1.0
1.0
1.0
1.0
1.0
1.0
1.0
1.0
1.0
1.0
1.0
1.0
1.0
1.0
1.0
1.0
1.0
1.0
1.0
1.0
1.0
1.0
1.0
1.0
1.0
1.0
1.0
1.0
1.0
1.0
