#1
0.8154981549815498
0.8268398268398268
0.827027027027027
0.8571428571428571
0.8237885462555066
0.8296296296296296
0.8594594594594595
0.8127659574468085
0.8075313807531381
0.8163265306122449
0.8309859154929577
0.76
0.8221153846153846
0.7627118644067796
0.8559322033898306
0.8257261410788381
0.7761904761904762
0.796812749003984
0.7952380952380952
0.8076923076923077
0.7655502392344498
0.8388625592417062
0.8235294117647058
0.7607843137254902
0.7940074906367042
0.8149606299212598
0.7598566308243727
0.8132780082987552
0.8823529411764706
0.8054298642533937
0.8502673796791443
0.8200836820083682
0.8425925925925926
#3
0.8406779661016949
0.8073770491803278
0.7848605577689243
0.8382352941176471
0.8368421052631579
0.7794871794871795
0.8821138211382114
0.7965367965367965
0.8140703517587939
0.8208955223880597
0.8795811518324608
0.861904761904762
0.8378378378378378
0.776536312849162
0.8104265402843602
0.845360824742268
0.8487394957983193
0.815668202764977
0.8235294117647058
0.8969072164948454
0.8263473053892215
0.8921568627450981
0.8191489361702128
0.8644859813084113
0.8619246861924686
0.8341968911917098
0.8410041841004184
0.7892156862745098
0.7604562737642585
0.8375634517766497
0.9065420560747663
0.803030303030303
0.8404255319148937
#5
0.8819875776397516
0.9090909090909091
0.9329268292682927
0.8629441624365483
0.8805970149253731
0.8918918918918919
0.8961748633879781
0.9130434782608695
0.8764044943820225
0.8846153846153846
0.9186046511627907
0.8681318681318682
0.9085714285714286
0.8783783783783784
0.8807339449541285
0.8813559322033898
0.8585365853658536
0.8271028037383178
0.898936170212766
0.8831168831168831
0.900497512437811
0.9156626506024096
0.8888888888888888
0.8958333333333334
0.8773584905660378
0.8780487804878049
0.868421052631579
0.8944723618090452
0.8636363636363636
0.8669950738916257
0.8809523809523809
0.9047619047619048
0.8922155688622755
#7
0.9252873563218391
0.9109947643979057
0.9081081081081082
0.8987341772151899
0.8663594470046083
0.9135135135135135
0.9428571428571428
0.8870967741935484
0.9282051282051282
0.9047619047619048
0.8715083798882681
0.9005847953216374
0.8648648648648649
0.8722222222222222
0.9127906976744186
0.9234972677595629
0.9459459459459459
0.8742138364779874
0.8983050847457628
0.9106145251396648
0.9166666666666666
0.9306930693069307
0.8883248730964467
0.9521276595744681
0.890625
0.9508196721311475
0.8875
0.907608695652174
0.9052631578947369
0.9038461538461539
0.9153439153439153
0.9364161849710982
0.9382022471910112
#10
0.9408284023668639
0.9555555555555556
0.9458128078817734
0.9540229885057471
0.9183673469387755
0.9404761904761905
0.9215686274509803
0.9285714285714286
0.926829268292683
0.9265536723163842
0.9365079365079365
0.9583333333333334
0.9241379310344827
0.92
0.9429824561403509
0.9605263157894737
0.9308176100628931
0.9146341463414634
0.9548022598870056
0.9256756756756757
0.9256756756756757
0.9192825112107623
0.9166666666666666
0.96875
0.9285714285714286
0.9042553191489362
0.9290322580645162
0.9503105590062112
0.9562841530054644
0.9382022471910112
0.9521531100478469
0.9176470588235294
0.9485714285714286
#15
0.9545454545454546
0.9704142011834319
0.9481865284974094
0.9577464788732394
0.9726027397260274
0.9545454545454546
0.9483870967741935
0.9651162790697675
0.9278350515463918
0.9802631578947368
0.9565217391304348
0.9753086419753086
0.9659863945578231
0.9671052631578947
0.9590643274853801
0.9753086419753086
0.9866666666666667
0.9551282051282052
0.9683544303797469
0.9727891156462585
0.9759615384615384
0.9558011049723757
0.934010152284264
0.9748427672955975
0.9593023255813954
0.9238095238095239
0.9622641509433962
0.96
0.9615384615384616
0.9612403100775194
0.9942857142857143
0.9615384615384616
0.9689119170984456
#20
0.9937888198757764
0.9837837837837838
0.9939393939393939
0.9705882352941176
0.9634146341463414
0.9647058823529412
0.9637681159420289
0.9766081871345029
0.9941176470588236
0.9795918367346939
0.9934640522875817
0.9841269841269841
0.9620253164556962
0.9942857142857143
0.9838709677419355
0.9887640449438202
0.9779005524861878
1.0
0.9633507853403142
0.966183574879227
0.9873417721518988
0.9823529411764705
0.9680851063829787
0.9878048780487805
0.965
0.9664429530201343
0.994535519125683
0.9681528662420382
0.9725274725274725
0.986013986013986
0.9868421052631579
0.9941176470588236
0.9551282051282052
#30
0.986013986013986
0.9779005524861878
0.9935897435897436
1.0
0.9928571428571429
0.985
0.984
0.989247311827957
0.9929577464788732
0.9906103286384976
1.0
0.9757575757575757
1.0
0.989010989010989
0.9936305732484076
1.0
0.9941520467836257
1.0
1.0
1.0
0.9876543209876543
1.0
0.9871794871794872
0.9864864864864865
0.9700598802395209
0.9883040935672515
0.9823529411764705
0.9875776397515528
0.9879518072289156
1.0
1.0
1.0
0.9828571428571429
