#1
1.948905E7
1.839195E7
1.7662275E7
1.94787E7
1.812285E7
1.950975E7
1.845405E7
1.8096975E7
1.8759375E7
1.9473525E7
1.8055575E7
1.8386775E7
1.777095E7
1.638405E7
1.8676575E7
1.8169425E7
1.79469E7
1.826775E7
1.8345375E7
1.8345375E7
1.9214775E7
1.91061E7
1.88163E7
1.82988E7
1.9251E7
1.9556325E7
1.8065925E7
1.7662275E7
1.8014175E7
2.068965E7
1.94166E7
1.8448875E7
1.8811125E7
#3
1.7765775E7
1.768815E7
1.77813E7
1.7941725E7
1.7413875E7
1.7237925E7
1.79469E7
1.79055E7
1.7931375E7
1.7248275E7
1.83195E7
1.5654375E7
1.77192E7
1.8469575E7
1.73259E7
1.696365E7
1.667385E7
1.6767E7
1.7817525E7
1.7869275E7
1.6917075E7
1.7155125E7
1.6782525E7
1.7341425E7
1.6306425E7
1.710855E7
1.77192E7
1.696365E7
1.6575525E7
1.7755425E7
1.6979175E7
1.8335025E7
1.6989525E7
#5
1.6886025E7
1.5612975E7
1.665315E7
1.599075E7
1.5892425E7
1.702575E7
1.66842E7
1.6146E7
1.6306425E7
1.5964875E7
1.5747525E7
1.5602625E7
1.551465E7
1.60425E7
1.6596225E7
1.57113E7
1.545255E7
1.603215E7
1.5902775E7
1.5312825E7
1.5271425E7
1.563885E7
1.6213275E7
1.665315E7
1.5126525E7
1.584585E7
1.603215E7
1.48212E7
1.57527E7
1.6999875E7
1.5964875E7
1.5126525E7
1.56285E7
#7
1.5964875E7
1.57527E7
1.4805675E7
1.4070825E7
1.37655E7
1.4774625E7
1.539045E7
1.5809625E7
1.503855E7
1.464525E7
1.416915E7
1.5002325E7
1.4836725E7
1.4826375E7
1.6265025E7
1.479015E7
1.4816025E7
1.5457725E7
1.4971275E7
1.5178275E7
1.6146E7
1.5364575E7
1.5354225E7
1.5230025E7
1.5799275E7
1.4971275E7
1.4288175E7
1.6120125E7
1.528695E7
1.51938E7
1.5033375E7
1.499715E7
1.5954525E7
#10
1.431405E7
1.4619375E7
1.400355E7
1.4795325E7
1.4215725E7
1.371375E7
1.4101875E7
1.4784975E7
1.49454E7
1.2652875E7
1.408635E7
1.4609025E7
1.4588325E7
1.5167925E7
1.42002E7
1.317555E7
1.3869E7
1.350675E7
1.4288175E7
1.3646475E7
1.350675E7
1.47177E7
1.507995E7
1.470735E7
1.396215E7
1.50903E7
1.41588E7
1.50075E7
1.4381325E7
1.4339925E7
1.450035E7
1.476945E7
1.4391675E7
#15
1.4919525E7
1.3869E7
1.3874175E7
1.3749975E7
1.4505525E7
1.3791375E7
1.371375E7
1.4101875E7
1.4402025E7
1.3398075E7
1.44279E7
1.3869E7
1.4060475E7
1.365165E7
1.4132925E7
1.4050125E7
1.35999E7
1.29996E7
1.3232475E7
1.31031E7
1.42002E7
1.48626E7
1.381725E7
1.4857425E7
1.4536575E7
1.35585E7
1.4712525E7
1.3832775E7
1.398285E7
1.443825E7
1.292715E7
1.43658E7
1.5230025E7
#20
1.3201425E7
1.325835E7
1.3367025E7
1.3625775E7
1.3511925E7
1.423125E7
1.3687875E7
1.4283E7
1.3315275E7
1.35585E7
1.37034E7
1.4246775E7
1.327905E7
1.31652E7
1.4060475E7
1.416915E7
1.3770675E7
1.34964E7
1.4070825E7
1.379655E7
1.4257125E7
1.49247E7
1.4246775E7
1.352745E7
1.408635E7
1.379655E7
1.2942675E7
1.379655E7
1.3853475E7
1.3346325E7
1.33308E7
1.35999E7
1.400355E7
#30
1.294785E7
1.3346325E7
1.3097925E7
1.3232475E7
1.3687875E7
1.255455E7
1.28961E7
1.3615425E7
1.3253175E7
1.48626E7
1.31031E7
1.33722E7
1.3201425E7
1.242E7
1.332045E7
1.3667175E7
1.319625E7
1.37241E7
1.35378E7
1.408635E7
1.31652E7
1.365165E7
1.3677525E7
1.4174325E7
1.3160025E7
1.3605075E7
1.3662E7
1.183005E7
1.367235E7
1.348605E7
1.3398075E7
1.427265E7
1.22544E7
