#1
0.9252336448598131
0.96
0.9497206703910615
0.9503105590062112
0.9090909090909091
0.94375
0.950354609929078
0.9387755102040817
0.9602272727272727
0.9281767955801105
0.9473684210526315
0.9508196721311475
0.9493087557603687
0.9254658385093167
0.9292035398230089
0.9215686274509803
0.9411764705882353
0.9282296650717703
0.9455445544554455
0.925531914893617
0.9137055837563451
0.9107142857142857
0.9079754601226994
0.925531914893617
0.9473684210526315
0.9225806451612903
0.8773584905660378
0.9560439560439561
0.8978494623655914
0.9700598802395209
0.93125
0.9107142857142857
0.9271523178807947
#3
0.9597701149425287
0.9578313253012049
0.9606741573033708
0.9840425531914894
0.9757575757575757
0.9876543209876543
0.9488636363636364
0.9769230769230769
0.9736842105263158
0.9523809523809523
0.968944099378882
0.9883040935672515
0.9947089947089947
0.978021978021978
0.9470588235294117
0.9695121951219512
0.9551282051282052
0.9938650306748467
0.9879518072289156
0.974025974025974
0.949438202247191
0.9625
0.9318181818181818
0.9793103448275862
0.9570552147239264
0.9898477157360406
0.9580838323353293
0.9647887323943662
0.9813664596273292
0.9772727272727273
0.9662921348314607
0.9754901960784313
0.964824120603015
#5
0.9862068965517241
0.9878048780487805
0.9850746268656716
0.9880239520958084
0.9856115107913669
0.9876543209876543
0.9698795180722891
1.0
1.0
0.9885714285714285
0.9841269841269841
0.9934640522875817
0.9818181818181818
0.9942196531791907
0.9941860465116279
1.0
0.9790209790209791
1.0
0.9934640522875817
1.0
0.987012987012987
0.987012987012987
0.9683544303797469
0.9945652173913043
0.9880952380952381
1.0
0.9899497487437185
1.0
0.9936708860759493
0.9943502824858758
0.9886363636363636
0.994535519125683
0.9862068965517241
#7
0.9872611464968153
1.0
1.0
0.9937888198757764
1.0
1.0
1.0
1.0
0.9950738916256158
0.9847715736040609
1.0
1.0
0.9948979591836735
1.0
1.0
1.0
1.0
0.9941860465116279
1.0
1.0
1.0
0.9921259842519685
0.9935897435897436
1.0
1.0
0.9940119760479041
1.0
1.0
1.0
1.0
1.0
1.0
1.0
#10
0.994475138121547
1.0
1.0
1.0
1.0
1.0
1.0
0.9938650306748467
1.0
1.0
1.0
1.0
1.0
1.0
1.0
1.0
1.0
0.9947089947089947
1.0
1.0
1.0
1.0
1.0
1.0
0.9924812030075187
1.0
1.0
1.0
1.0
1.0
1.0
0.993006993006993
1.0
#15
1.0
1.0
1.0
1.0
1.0
1.0
1.0
1.0
1.0
0.9942528735632183
1.0
1.0
0.9935064935064936
1.0
1.0
1.0
1.0
1.0
1.0
1.0
1.0
1.0
1.0
1.0
1.0
1.0
1.0
1.0
1.0
1.0
1.0
1.0
1.0
#20
1.0
1.0
1.0
1.0
1.0
1.0
1.0
1.0
1.0
1.0
1.0
1.0
0.9948717948717949
1.0
1.0
1.0
1.0
1.0
1.0
1.0
1.0
1.0
1.0
1.0
1.0
1.0
1.0
1.0
1.0
1.0
1.0
1.0
1.0
#30
1.0
1.0
1.0
1.0
1.0
1.0
1.0
1.0
1.0
1.0
1.0
1.0
1.0
1.0
1.0
1.0
1.0
1.0
1.0
1.0
1.0
1.0
1.0
1.0
1.0
1.0
1.0
1.0
1.0
1.0
1.0
1.0
1.0
