#1
0.9444058373870744
0.9415515409139213
0.9327817993795243
0.9402704733283246
0.9376515413924489
0.953328509406657
0.9433756805807623
0.9401619148187258
0.9325878594249202
0.9344827586206896
0.9368613138686132
0.9402930402930403
0.9429698708751794
0.9494363929146538
0.943308216720488
0.948016415868673
0.9496255956432947
0.9501466275659824
0.9345281638624726
0.9400595681310498
0.9418938307030129
0.9421052631578948
0.9466145833333334
0.9401156856073495
0.9428076256499134
0.9358178053830227
0.9405730456314114
0.9407871821664925
0.9447476125511596
0.9420529801324503
0.9378378378378378
0.9365135040336724
0.9425756031260618
#3
0.9719222462203023
0.981104112634309
0.9853846153846154
0.978740157480315
0.9789156626506024
0.9797665369649805
0.9805170475833646
0.9770625231224566
0.9786686281721221
0.9799181851989587
0.9827111984282908
0.9784197702749738
0.969332298136646
0.9809658089531195
0.9815702174714338
0.9822937625754528
0.9784033937524104
0.9781579905351292
0.9800210304942166
0.9789279112754159
0.9771807140228193
0.9756894049346879
0.982985305491106
0.9754385964912281
0.9737237237237237
0.9790233837689133
0.9766678818811521
0.9787735849056604
0.9723404255319149
0.9797828528640958
0.9738121960344183
0.9803030303030303
0.983125458547322
#5
0.9913555992141454
0.9913857677902622
0.9907952871870398
0.9935336629897299
0.993418647166362
0.9944629014396457
0.9933489827856025
0.9950906344410876
0.9866299646087299
0.9925093632958801
0.9899208063354932
0.9941130298273155
0.9945504087193461
0.9944223107569721
0.9906890130353817
0.9882766705744431
0.9942241047362341
0.994481671265274
0.9900405754334194
0.9906769355492501
0.9884559884559885
0.9906976744186047
0.9961568024596464
0.9919854280510019
0.9929525222551929
0.9919199692189303
0.9935262757044935
0.9946008484381026
0.989929130921298
0.9882842025699169
0.9967545638945233
0.9905623279591034
0.9912213740458016
#7
0.9985590778097982
0.9984126984126984
0.9992069785884219
0.9959887685519454
0.9981664833149981
0.9989406779661016
0.9987980769230769
0.9978070175438597
0.9980901451489687
0.9979432332373509
0.9983805668016195
0.9971217105263158
0.9988104678826328
0.9974991068238657
0.9978308026030369
0.9972516686297606
0.9981110691348697
0.9987893462469734
0.9970898508548564
0.9976878612716763
0.9980694980694981
0.9980784012298232
0.998345055854365
0.9978292329956585
0.9976424361493124
0.9980574980574981
0.997163695299838
0.9981308411214953
0.9988474836726854
0.9970381340244354
0.9972624168947986
0.9996098322278579
0.998520162782094
#10
0.9996261682242991
0.9996282527881041
1.0
0.9996159754224271
0.9996025437201908
0.9991983967935871
0.999231950844854
1.0
1.0
0.9996048992493086
0.9992009588493808
0.9992641648270787
1.0
1.0
0.9992576095025983
1.0
0.999245567710298
0.9996138996138996
0.9996167113836719
1.0
0.9996278377372534
0.999597261377366
0.9996283909327388
1.0
0.9988033506182689
1.0
0.9996261682242991
0.999219664455716
0.9996052112120016
0.9995979091274628
0.998874296435272
0.999553770638108
0.9992205767731879
#15
1.0
1.0
1.0
1.0
1.0
1.0
1.0
1.0
1.0
1.0
1.0
1.0
1.0
1.0
1.0
1.0
1.0
1.0
1.0
1.0
1.0
1.0
1.0
1.0
1.0
1.0
1.0
1.0
1.0
1.0
1.0
1.0
1.0
#20
1.0
1.0
1.0
1.0
1.0
1.0
1.0
1.0
1.0
1.0
1.0
1.0
1.0
1.0
1.0
1.0
1.0
1.0
1.0
1.0
1.0
1.0
1.0
1.0
1.0
1.0
1.0
1.0
1.0
1.0
1.0
1.0
1.0
#30
1.0
1.0
1.0
1.0
1.0
1.0
1.0
1.0
1.0
1.0
1.0
1.0
1.0
1.0
1.0
1.0
1.0
1.0
1.0
1.0
1.0
1.0
1.0
1.0
1.0
1.0
1.0
1.0
1.0
1.0
1.0
1.0
1.0
