#1
1402425.0
1195425.0
957375.0
1014300.0
1174725.0
1397250.0
957375.0
1216125.0
1236825.0
1267875.0
1102275.0
1293750.0
1076400.0
1221300.0
1221300.0
1247175.0
1086750.0
1298925.0
1086750.0
1210950.0
1081575.0
1091925.0
1231650.0
1319625.0
1381725.0
1314450.0
1443825.0
1247175.0
1055700.0
1143675.0
967725.0
1236825.0
1117800.0
#3
1526625.0
1262700.0
1298925.0
1055700.0
983250.0
1009125.0
1273050.0
1195425.0
1029825.0
1040175.0
988425.0
1086750.0
1148850.0
926325.0
1091925.0
1003950.0
1231650.0
1122975.0
1143675.0
1003950.0
864225.0
1055700.0
972900.0
1107450.0
1236825.0
998775.0
1236825.0
1055700.0
1361025.0
1019475.0
1107450.0
1024650.0
972900.0
#5
833175.0
1081575.0
848700.0
1019475.0
1040175.0
957375.0
947025.0
952200.0
921150.0
1076400.0
890100.0
941850.0
905625.0
1148850.0
1128150.0
915975.0
1060875.0
1107450.0
972900.0
1195425.0
1040175.0
859050.0
978075.0
993600.0
1097100.0
848700.0
983250.0
1029825.0
1138500.0
1050525.0
1086750.0
978075.0
864225.0
#7
900450.0
988425.0
957375.0
817650.0
1122975.0
957375.0
905625.0
962550.0
1009125.0
978075.0
926325.0
884925.0
957375.0
931500.0
890100.0
947025.0
957375.0
822825.0
915975.0
926325.0
993600.0
1045350.0
1019475.0
972900.0
993600.0
947025.0
1242000.0
952200.0
983250.0
1076400.0
978075.0
895275.0
921150.0
#10
874575.0
931500.0
1050525.0
900450.0
1014300.0
869400.0
791775.0
796950.0
1060875.0
915975.0
978075.0
869400.0
750375.0
905625.0
1179900.0
786600.0
822825.0
848700.0
915975.0
765900.0
765900.0
1154025.0
1055700.0
993600.0
941850.0
972900.0
802125.0
833175.0
947025.0
921150.0
1081575.0
879750.0
905625.0
#15
1138500.0
874575.0
998775.0
1102275.0
755550.0
796950.0
802125.0
890100.0
1003950.0
786600.0
833175.0
838350.0
760725.0
786600.0
884925.0
838350.0
776250.0
807300.0
817650.0
760725.0
1076400.0
936675.0
1019475.0
822825.0
890100.0
1086750.0
822825.0
776250.0
807300.0
667575.0
905625.0
807300.0
998775.0
#20
833175.0
957375.0
853875.0
879750.0
848700.0
879750.0
714150.0
884925.0
879750.0
1014300.0
791775.0
978075.0
817650.0
905625.0
962550.0
921150.0
936675.0
693450.0
988425.0
1071225.0
817650.0
879750.0
972900.0
848700.0
1035000.0
771075.0
947025.0
812475.0
941850.0
740025.0
786600.0
879750.0
807300.0
#30
740025.0
936675.0
807300.0
853875.0
724500.0
1035000.0
646875.0
962550.0
734850.0
1102275.0
822825.0
853875.0
828000.0
941850.0
812475.0
740025.0
884925.0
853875.0
843525.0
796950.0
838350.0
915975.0
807300.0
765900.0
864225.0
884925.0
879750.0
833175.0
859050.0
843525.0
838350.0
776250.0
905625.0
