#1
0.8248847926267281
0.8558139534883721
0.8248847926267281
0.9032258064516129
0.7937219730941704
0.8780487804878049
0.8704663212435233
0.864321608040201
0.8584070796460177
0.8483412322274881
0.9117647058823529
0.8287037037037037
0.8861386138613861
0.9186602870813397
0.8495145631067961
0.8127853881278538
0.88268156424581
0.8699551569506726
0.8926553672316384
0.9006211180124224
0.9095477386934674
0.8797814207650273
0.8488888888888889
0.8666666666666667
0.8585365853658536
0.8611111111111112
0.9105263157894737
0.8647540983606558
0.8640350877192983
0.8835978835978836
0.8597285067873304
0.8789473684210526
0.8010471204188482
#3
0.9184782608695652
0.9236111111111112
0.9342105263157895
0.905
0.88
0.8994708994708994
0.9401197604790419
0.9533678756476683
0.8865979381443299
0.9194630872483222
0.9082125603864735
0.9223300970873787
0.8961748633879781
0.9130434782608695
0.9452054794520548
0.9101796407185628
0.8782608695652174
0.8918918918918919
0.9193548387096774
0.9631901840490797
0.91875
0.8789237668161435
0.9147727272727273
0.9181286549707602
0.9053254437869822
0.9521276595744681
0.916256157635468
0.9366515837104072
0.9075144508670521
0.9463087248322147
0.9414634146341463
0.8829787234042553
0.9052631578947369
#5
0.9386503067484663
0.9863013698630136
0.9644670050761421
0.9375
0.9473684210526315
0.9453551912568307
0.9435897435897436
0.9485714285714286
0.9657142857142857
0.9547738693467337
0.964824120603015
0.9211822660098522
0.9375
0.9764150943396226
0.9798657718120806
0.9502762430939227
0.9402173913043478
0.9194630872483222
0.9613259668508287
0.9428571428571428
0.9375
0.9640718562874252
0.9378531073446328
0.9186046511627907
0.937888198757764
0.9408602150537635
0.9523809523809523
0.9477124183006536
0.9541984732824428
0.9613259668508287
0.9533333333333334
0.954248366013072
0.9106145251396648
#7
0.965
0.9743589743589743
0.9821428571428571
0.9817073170731707
0.9527027027027027
0.9605263157894737
0.9834254143646409
0.975609756097561
0.9777777777777777
0.9611650485436893
0.949685534591195
0.958974358974359
0.9707602339181286
0.9761904761904762
0.9866666666666667
0.9428571428571428
0.9883720930232558
0.9726027397260274
0.9904761904761905
0.9842931937172775
0.93048128342246
0.9723756906077348
0.9710144927536232
0.9573170731707317
0.9368421052631579
0.9556962025316456
1.0
0.9626865671641791
0.9810126582278481
0.9825581395348837
0.9420289855072463
0.9719101123595506
0.956989247311828
#10
0.9937106918238994
1.0
0.993421052631579
0.9894179894179894
0.9766081871345029
0.9935483870967742
0.9874213836477987
0.9866666666666667
0.9831460674157303
0.96
0.9925373134328358
0.9727891156462585
1.0
0.9938271604938271
0.9934640522875817
0.9828571428571429
0.9940119760479041
0.9722222222222222
0.9885714285714285
0.9940476190476191
0.9940119760479041
1.0
0.9907834101382489
0.9782608695652174
0.9879518072289156
0.9896373056994818
0.9945652173913043
0.9759036144578314
0.9805194805194806
0.9821428571428571
0.9888268156424581
0.9720670391061452
0.9805194805194806
#15
0.9903846153846154
0.9933333333333333
1.0
1.0
0.9868421052631579
0.9945652173913043
0.987012987012987
1.0
1.0
0.9868421052631579
1.0
1.0
0.9922480620155039
1.0
0.993421052631579
1.0
0.9930555555555556
0.9946236559139785
1.0
1.0
0.987012987012987
1.0
0.9859154929577465
1.0
0.9941176470588236
0.9937106918238994
1.0
0.9893617021276596
0.99375
0.9934640522875817
0.9933774834437086
1.0
0.9872611464968153
#20
1.0
1.0
1.0
1.0
1.0
1.0
1.0
1.0
0.9937888198757764
1.0
1.0
1.0
1.0
0.9880239520958084
1.0
1.0
0.9940119760479041
1.0
1.0
1.0
1.0
1.0
1.0
0.9940828402366864
1.0
0.9942196531791907
1.0
1.0
1.0
0.9946524064171123
1.0
1.0
1.0
#30
1.0
1.0
1.0
0.9933774834437086
1.0
1.0
0.9943181818181818
1.0
1.0
1.0
1.0
1.0
0.9932885906040269
1.0
1.0
1.0
1.0
1.0
1.0
0.9937888198757764
1.0
1.0
0.9935064935064936
1.0
1.0
1.0
1.0
1.0
1.0
1.0
1.0
1.0
1.0
