#1
1.6503075E7
1.63323E7
1.7424225E7
1.5726825E7
1.6896375E7
1.6368525E7
1.6337475E7
1.5695775E7
1.54008E7
1.6347825E7
1.512135E7
1.6523775E7
1.65807E7
1.6182225E7
1.565955E7
1.646685E7
1.73673E7
1.607355E7
1.702575E7
1.56906E7
1.6730775E7
1.62702E7
1.586655E7
1.644615E7
1.6813575E7
1.675665E7
1.652895E7
1.6730775E7
1.733625E7
1.5550875E7
1.6503075E7
1.516275E7
1.590795E7
#3
1.5509475E7
1.6078725E7
1.6006275E7
1.636335E7
1.522485E7
1.5126525E7
1.3791375E7
1.611495E7
1.4339925E7
1.485225E7
1.53387E7
1.5167925E7
1.5654375E7
1.423125E7
1.57941E7
1.5023025E7
1.5023025E7
1.57113E7
1.5447375E7
1.512135E7
1.4904E7
1.5778575E7
1.377585E7
1.501785E7
1.597005E7
1.64151E7
1.52559E7
1.49661E7
1.5343875E7
1.4681475E7
1.4981625E7
1.47798E7
1.5167925E7
#5
1.5116175E7
1.4764275E7
1.377585E7
1.379655E7
1.3273875E7
1.431405E7
1.4712525E7
1.4474475E7
1.481085E7
1.4112225E7
1.3998375E7
1.3884525E7
1.51524E7
1.4205375E7
1.3884525E7
1.47798E7
1.3770675E7
1.5768225E7
1.4112225E7
1.4733225E7
1.5271425E7
1.6316775E7
1.377585E7
1.4298525E7
1.4008725E7
1.43865E7
1.4122575E7
1.4867775E7
1.472805E7
1.45521E7
1.48833E7
1.3739625E7
1.5478425E7
#7
1.3501575E7
1.3398075E7
1.3832775E7
1.4495175E7
1.3869E7
1.37241E7
1.4143275E7
1.379655E7
1.34964E7
1.3936275E7
1.416915E7
1.286505E7
1.33515E7
1.435545E7
1.385865E7
1.3739625E7
1.290645E7
1.3418775E7
1.42209E7
1.40553E7
1.40553E7
1.4226075E7
1.479015E7
1.3894875E7
1.3677525E7
1.3791375E7
1.37862E7
1.48833E7
1.47591E7
1.499715E7
1.40139E7
1.412775E7
1.38069E7
#10
1.381725E7
1.4008725E7
1.3708575E7
1.2834E7
1.280295E7
1.4132925E7
1.4091525E7
1.31445E7
1.3418775E7
1.4122575E7
1.3491225E7
1.3491225E7
1.2445875E7
1.36206E7
1.33722E7
1.33308E7
1.447965E7
1.358955E7
1.30203E7
1.505925E7
1.367235E7
1.3201425E7
1.3718925E7
1.408635E7
1.37034E7
1.4226075E7
1.3863825E7
1.3542975E7
1.352745E7
1.329975E7
1.3304925E7
1.3739625E7
1.3367025E7
#15
1.37655E7
1.30824E7
1.36827E7
1.4050125E7
1.33308E7
1.385865E7
1.2828825E7
1.31652E7
1.3853475E7
1.35999E7
1.278225E7
1.37862E7
1.32273E7
1.31652E7
1.32066E7
1.365165E7
1.3418775E7
1.3356675E7
1.4205375E7
1.2880575E7
1.269945E7
1.3542975E7
1.3988025E7
1.3967325E7
1.307205E7
1.2145725E7
1.261665E7
1.3574025E7
1.3284225E7
1.247175E7
1.3480875E7
1.3325625E7
1.1949075E7
#20
1.327905E7
1.2777075E7
1.3041E7
1.363095E7
1.38483E7
1.3739625E7
1.35171E7
1.2735675E7
1.3646475E7
1.358955E7
1.3118625E7
1.3304925E7
1.3480875E7
1.4598675E7
1.300995E7
1.2859875E7
1.2828825E7
1.443825E7
1.3832775E7
1.269945E7
1.3180725E7
1.3770675E7
1.3139325E7
1.261665E7
1.379655E7
1.2984075E7
1.43037E7
1.2963375E7
1.243035E7
1.3418775E7
1.37448E7
1.39518E7
1.274085E7
#30
1.29582E7
1.3139325E7
1.2746025E7
1.3108275E7
1.3025475E7
1.40553E7
1.309275E7
1.4132925E7
1.385865E7
1.33101E7
1.2714975E7
1.4474475E7
1.356885E7
1.267875E7
1.2621825E7
1.2921975E7
1.3315275E7
1.42209E7
1.346535E7
1.3118625E7
1.28961E7
1.3325625E7
1.329975E7
1.4091525E7
1.2921975E7
1.342395E7
1.3408425E7
1.2890925E7
1.361025E7
1.348605E7
1.3656825E7
1.305135E7
1.3429125E7
