#1
1122975.0
1112625.0
1122975.0
802125.0
1154025.0
1060875.0
998775.0
1029825.0
1169550.0
1091925.0
1055700.0
1117800.0
1045350.0
1081575.0
1066050.0
1133325.0
926325.0
1154025.0
915975.0
833175.0
1029825.0
947025.0
1164375.0
931500.0
1060875.0
1117800.0
983250.0
1262700.0
1179900.0
978075.0
1143675.0
983250.0
988425.0
#3
952200.0
745200.0
786600.0
1035000.0
776250.0
978075.0
864225.0
998775.0
1003950.0
771075.0
1071225.0
1066050.0
947025.0
952200.0
755550.0
864225.0
1190250.0
957375.0
962550.0
843525.0
828000.0
1154025.0
910800.0
884925.0
874575.0
972900.0
1050525.0
1143675.0
895275.0
771075.0
1060875.0
972900.0
983250.0
#5
843525.0
755550.0
1019475.0
828000.0
786600.0
947025.0
1009125.0
905625.0
905625.0
1029825.0
1029825.0
1050525.0
910800.0
1097100.0
771075.0
936675.0
952200.0
771075.0
936675.0
905625.0
993600.0
864225.0
915975.0
890100.0
833175.0
962550.0
978075.0
791775.0
677925.0
936675.0
776250.0
791775.0
926325.0
#7
1035000.0
807300.0
869400.0
848700.0
765900.0
786600.0
936675.0
848700.0
931500.0
1066050.0
822825.0
1009125.0
884925.0
869400.0
776250.0
724500.0
890100.0
755550.0
1086750.0
988425.0
967725.0
936675.0
714150.0
848700.0
983250.0
817650.0
755550.0
693450.0
817650.0
890100.0
714150.0
921150.0
962550.0
#10
822825.0
890100.0
786600.0
978075.0
884925.0
802125.0
822825.0
776250.0
921150.0
776250.0
693450.0
760725.0
724500.0
838350.0
791775.0
905625.0
864225.0
931500.0
905625.0
869400.0
864225.0
812475.0
1122975.0
952200.0
859050.0
998775.0
952200.0
859050.0
796950.0
869400.0
926325.0
926325.0
796950.0
#15
1076400.0
776250.0
859050.0
828000.0
786600.0
952200.0
796950.0
755550.0
895275.0
786600.0
652050.0
972900.0
667575.0
983250.0
786600.0
915975.0
745200.0
962550.0
884925.0
750375.0
796950.0
698625.0
734850.0
910800.0
879750.0
822825.0
776250.0
972900.0
828000.0
791775.0
781425.0
869400.0
812475.0
#20
719325.0
781425.0
879750.0
957375.0
864225.0
879750.0
807300.0
915975.0
833175.0
853875.0
936675.0
703800.0
900450.0
864225.0
993600.0
921150.0
864225.0
905625.0
776250.0
900450.0
791775.0
952200.0
776250.0
874575.0
874575.0
895275.0
895275.0
864225.0
807300.0
967725.0
838350.0
703800.0
879750.0
#30
859050.0
796950.0
760725.0
781425.0
869400.0
884925.0
910800.0
910800.0
1024650.0
791775.0
988425.0
952200.0
771075.0
993600.0
688275.0
853875.0
905625.0
853875.0
890100.0
833175.0
807300.0
786600.0
796950.0
791775.0
838350.0
822825.0
833175.0
895275.0
765900.0
760725.0
822825.0
698625.0
853875.0
