#1
1.489365E7
1.4609025E7
1.5012675E7
1.377585E7
1.4940225E7
1.43037E7
1.4257125E7
1.4702175E7
1.619775E7
1.50075E7
1.41795E7
1.412775E7
1.44279E7
1.6068375E7
1.4422725E7
1.51317E7
1.520415E7
1.41174E7
1.414845E7
1.390005E7
1.44279E7
1.474875E7
1.58976E7
1.5209325E7
1.4929875E7
1.499715E7
1.4629725E7
1.4857425E7
1.51731E7
1.56285E7
1.5318E7
1.4753925E7
1.5230025E7
#3
1.437615E7
1.3967325E7
1.3455E7
1.31445E7
1.37448E7
1.329975E7
1.3812075E7
1.3988025E7
1.4070825E7
1.3915575E7
1.3170375E7
1.4867775E7
1.33308E7
1.4681475E7
1.4039775E7
1.2859875E7
1.3418775E7
1.4215725E7
1.4764275E7
1.3998375E7
1.4060475E7
1.42623E7
1.338255E7
1.474875E7
1.37862E7
1.50489E7
1.4195025E7
1.31652E7
1.45935E7
1.3822425E7
1.3832775E7
1.3662E7
1.410705E7
#5
1.3170375E7
1.381725E7
1.40553E7
1.3605075E7
1.4153625E7
1.4019075E7
1.32273E7
1.37034E7
1.3160025E7
1.2435525E7
1.437615E7
1.31859E7
1.3294575E7
1.298925E7
1.3894875E7
1.3242825E7
1.3439475E7
1.3128975E7
1.4029425E7
1.2766725E7
1.43451E7
1.2238875E7
1.346535E7
1.4205375E7
1.39518E7
1.3449825E7
1.358955E7
1.3418775E7
1.3874175E7
1.369305E7
1.2756375E7
1.3160025E7
1.35585E7
#7
1.43658E7
1.3041E7
1.305135E7
1.2901275E7
1.4112225E7
1.46556E7
1.29168E7
1.41588E7
1.354815E7
1.2580425E7
1.278225E7
1.25856E7
1.305135E7
1.4484825E7
1.431405E7
1.3180725E7
1.3698225E7
1.282365E7
1.4226075E7
1.3429125E7
1.340325E7
1.346535E7
1.2507975E7
1.43037E7
1.3170375E7
1.332045E7
1.27719E7
1.3843125E7
1.3470525E7
1.3977675E7
1.3232475E7
1.3263525E7
1.3988025E7
#10
1.3843125E7
1.392075E7
1.288575E7
1.34757E7
1.30203E7
1.2911625E7
1.34757E7
1.4391675E7
1.3025475E7
1.3097925E7
1.2953025E7
1.406565E7
1.31238E7
1.3191075E7
1.394145E7
1.4329575E7
1.3718925E7
1.340325E7
1.3501575E7
1.25442E7
1.3905225E7
1.2849525E7
1.3925925E7
1.2849525E7
1.2973725E7
1.31445E7
1.3843125E7
1.3263525E7
1.3108275E7
1.2870225E7
1.3791375E7
1.1597175E7
1.327905E7
#15
1.29996E7
1.4288175E7
1.2921975E7
1.257525E7
1.29375E7
1.3398075E7
1.3687875E7
1.385865E7
1.361025E7
1.29168E7
1.3015125E7
1.3346325E7
1.29789E7
1.325835E7
1.29168E7
1.3211775E7
1.3822425E7
1.4402025E7
1.292715E7
1.4184675E7
1.274085E7
1.367235E7
1.334115E7
1.27098E7
1.278225E7
1.27305E7
1.408635E7
1.32687E7
1.26063E7
1.3201425E7
1.3201425E7
1.390005E7
1.32273E7
#20
1.3698225E7
1.28961E7
1.37862E7
1.4039775E7
1.294785E7
1.3822425E7
1.375515E7
1.329975E7
1.4283E7
1.319625E7
1.22751E7
1.321695E7
1.29789E7
1.33101E7
1.307205E7
1.3041E7
1.418985E7
1.342395E7
1.41795E7
1.2549375E7
1.3615425E7
1.344465E7
1.3015125E7
1.4039775E7
1.2704625E7
1.2932325E7
1.3636125E7
1.4722875E7
1.363095E7
1.315485E7
1.439685E7
1.3708575E7
1.22337E7
#30
1.3874175E7
1.37241E7
1.4619375E7
1.427265E7
1.3501575E7
1.344465E7
1.325835E7
1.3511925E7
1.315485E7
1.3346325E7
1.23993E7
1.418985E7
1.3925925E7
1.414845E7
1.3128975E7
1.2870225E7
1.4536575E7
1.2497625E7
1.2425175E7
1.3108275E7
1.2725325E7
1.292715E7
1.3046175E7
1.4050125E7
1.344465E7
1.30203E7
1.40553E7
1.332045E7
1.354815E7
1.48005E7
1.2352725E7
1.4981625E7
1.2787425E7
