#1
0.8398831651619756
0.8345526167698368
0.8268385584529739
0.8363443145589798
0.8326670474014849
0.8392572944297082
0.840437464946719
0.8361452673720332
0.8281379310344827
0.8426787137921871
0.8354829464029808
0.8283141007599212
0.8386721025043681
0.84301958307012
0.828207259628706
0.8154371973796639
0.8189158016147635
0.8339943342776204
0.8315937940761636
0.8234132581100141
0.8203608941556693
0.8255687973997833
0.8377337733773378
0.8404977375565611
0.8330645161290322
0.8319661286054512
0.8315668862790031
0.830061529446235
0.8368284975581729
0.804152076038019
0.8414179104477612
0.8403927068723702
0.8470426409903714
#3
0.8692106029711623
0.8510825043885313
0.84953434225844
0.8615517738678973
0.8582466567607726
0.8549984989492645
0.8739907727797002
0.8601156069364162
0.8649350649350649
0.8658865886588659
0.8675141242937853
0.8707438016528926
0.861857476635514
0.8725133090501541
0.8554360812425329
0.8593654667480171
0.8665425201738051
0.8682098765432099
0.8585535869880918
0.8644656820156386
0.8565310492505354
0.8663650075414782
0.8680234350909651
0.8516860638615339
0.8794033640114249
0.8741681790683605
0.8662383177570093
0.8615009151921904
0.8663752731813924
0.8662197610026231
0.8646754038402926
0.8729889923793396
0.8656716417910447
#5
0.8985596077229543
0.8929400066291018
0.9108141702921069
0.9087378640776699
0.9117551286225986
0.9045592705167174
0.9109801488833746
0.9025641025641026
0.902570612503967
0.9111831442463533
0.9073282944462702
0.9021558872305141
0.9022681787858572
0.9080645161290323
0.9024009978172747
0.9067852437417655
0.8985264567983925
0.908650742414461
0.9095346566872763
0.9030077728962488
0.891562182311081
0.899735274652548
0.8911586338972232
0.8896830329397141
0.9021553198768388
0.9013716525146963
0.8883150419625565
0.910963687150838
0.9027595269382391
0.9019786910197869
0.8897893030794165
0.8970236058843654
0.9003311258278146
#7
0.9303079416531604
0.9293692509855453
0.9311429570080392
0.9172489885987496
0.9278195488721804
0.9302977232924694
0.9260255548083389
0.9266775777414076
0.9322092222986924
0.9257950530035336
0.9211102994886778
0.9344601586754053
0.9340774328566446
0.9357766143106457
0.9268215081132676
0.9352694191742478
0.918966119455117
0.9236692333444928
0.9173867957137919
0.9219229457892942
0.9217948717948717
0.9232064668238464
0.9285473542298618
0.9238871899422358
0.9213887979037013
0.9319045973038369
0.9221296631655197
0.9245585874799358
0.926878808395396
0.9332425068119891
0.9139414802065404
0.9278812974465148
0.9234511839117743
#10
0.9417932031814895
0.9515044247787611
0.9545454545454546
0.95033228401539
0.9559519475791772
0.9494339622641509
0.9563302752293578
0.9509975498774939
0.9511772853185596
0.9554192229038855
0.9448934606906686
0.9479277364505845
0.9485633203263568
0.9477993858751279
0.9500728862973761
0.9532600157109191
0.9544776119402985
0.9544061302681992
0.9460340456356393
0.9495638983693592
0.9582375478927203
0.9469057665260197
0.9478380233356212
0.9574243490499648
0.9499629355077835
0.9495884773662552
0.9495614035087719
0.9434482758620689
0.9496221662468514
0.9465896788163118
0.9528907922912205
0.9502452697967765
0.9525350593311759
#15
0.9687825182101977
0.9776119402985075
0.9738903394255874
0.9841926985321792
0.9757402782732786
0.9726078799249531
0.9788679245283018
0.9746788990825688
0.9698167445203019
0.9714175357280803
0.9745337159253945
0.9757462686567164
0.9753404490246596
0.9742228961334344
0.9721713658000732
0.970902394106814
0.9748858447488584
0.9753184713375797
0.9757528353539304
0.966824644549763
0.9744897959183674
0.9683147632311978
0.9760299625468165
0.9620341344479275
0.976504093983624
0.9679389312977099
0.97397115722828
0.9708193041526375
0.9770540340488527
0.9767025089605734
0.978382706164932
0.9773054755043228
0.9765545361875637
#20
0.9792238337906704
0.9859484777517564
0.9849012775842044
0.9802506646410938
0.9839142091152815
0.9858181818181818
0.9860113421550094
0.9804347826086957
0.9863972017100661
0.9858778625954199
0.9879154078549849
0.9858336360334181
0.9801247077162899
0.9854559748427673
0.9804931910195068
0.9817384952520087
0.9815858699736941
0.9808282208588958
0.9797719749908055
0.9849962490622656
0.9847549909255898
0.9878640776699029
0.9829277152197603
0.9896710022953328
0.9853049228508449
0.9831207801950488
0.9820071971211516
0.9831207801950488
0.9835636906985431
0.9841023652578519
0.9856366459627329
0.9840182648401826
0.9900221729490022
#30
0.9976019184652278
0.9961225281116712
0.9956538917423943
0.9956980836918263
0.9954631379962193
0.9958779884583677
0.9935794542536116
0.9950589129608514
0.9949238578680203
0.9940807799442897
0.995260663507109
0.9949690402476781
0.9964719717757742
0.9945833333333334
0.993006993006993
0.9973494888299886
0.9925490196078431
0.9932126696832579
0.9957951070336392
0.9959588537839824
0.9956761006289309
0.9958301743745261
0.9909194097616345
0.9948886454910552
0.9929217459693276
0.9916317991631799
0.9954545454545455
0.9925634295713036
0.9950794852384557
0.9927091327705295
0.9980687524140595
0.9963741841914431
0.9940878378378378
