#1
1107450.0
1035000.0
926325.0
833175.0
853875.0
828000.0
729675.0
1014300.0
910800.0
936675.0
1081575.0
947025.0
1122975.0
833175.0
1169550.0
791775.0
879750.0
1081575.0
1045350.0
972900.0
1019475.0
869400.0
843525.0
972900.0
884925.0
802125.0
1097100.0
941850.0
962550.0
864225.0
828000.0
869400.0
781425.0
#3
900450.0
859050.0
921150.0
972900.0
853875.0
838350.0
910800.0
672750.0
786600.0
1086750.0
833175.0
884925.0
978075.0
941850.0
879750.0
848700.0
807300.0
843525.0
859050.0
796950.0
921150.0
828000.0
910800.0
750375.0
843525.0
1019475.0
864225.0
734850.0
833175.0
910800.0
921150.0
1055700.0
1029825.0
#5
750375.0
848700.0
693450.0
864225.0
719325.0
838350.0
859050.0
802125.0
859050.0
905625.0
978075.0
791775.0
853875.0
895275.0
890100.0
864225.0
740025.0
890100.0
791775.0
807300.0
796950.0
796950.0
817650.0
952200.0
869400.0
853875.0
1029825.0
890100.0
817650.0
915975.0
910800.0
947025.0
750375.0
#7
812475.0
740025.0
895275.0
833175.0
677925.0
874575.0
755550.0
838350.0
1050525.0
1019475.0
864225.0
796950.0
1014300.0
828000.0
786600.0
708975.0
750375.0
890100.0
848700.0
714150.0
848700.0
657225.0
807300.0
936675.0
869400.0
864225.0
781425.0
838350.0
895275.0
621000.0
812475.0
781425.0
905625.0
#10
936675.0
936675.0
1024650.0
921150.0
760725.0
952200.0
817650.0
843525.0
926325.0
993600.0
796950.0
884925.0
786600.0
988425.0
672750.0
796950.0
983250.0
978075.0
838350.0
998775.0
791775.0
802125.0
667575.0
791775.0
688275.0
765900.0
760725.0
796950.0
843525.0
703800.0
833175.0
740025.0
750375.0
#15
910800.0
740025.0
833175.0
667575.0
853875.0
636525.0
941850.0
828000.0
776250.0
900450.0
921150.0
905625.0
796950.0
983250.0
791775.0
724500.0
796950.0
610650.0
626175.0
895275.0
812475.0
724500.0
947025.0
952200.0
822825.0
776250.0
931500.0
926325.0
962550.0
859050.0
890100.0
874575.0
947025.0
#20
771075.0
874575.0
750375.0
822825.0
864225.0
869400.0
869400.0
729675.0
807300.0
786600.0
796950.0
874575.0
1009125.0
926325.0
703800.0
890100.0
848700.0
781425.0
667575.0
869400.0
859050.0
822825.0
905625.0
812475.0
802125.0
786600.0
864225.0
879750.0
957375.0
755550.0
952200.0
703800.0
771075.0
#30
734850.0
910800.0
874575.0
672750.0
817650.0
812475.0
848700.0
838350.0
926325.0
853875.0
910800.0
905625.0
895275.0
848700.0
1076400.0
719325.0
765900.0
646875.0
864225.0
993600.0
724500.0
786600.0
781425.0
895275.0
698625.0
874575.0
957375.0
822825.0
828000.0
988425.0
848700.0
864225.0
708975.0
