#1
0.8883662590153654
0.8916349809885932
0.8901098901098901
0.8861467588022376
0.8946401225114855
0.8868163136263041
0.89927146024707
0.8905374216946917
0.8820564516129032
0.8619816397594176
0.8863791923340179
0.870028186658315
0.8907615480649188
0.8890310201471059
0.8816920026437541
0.8758642363293526
0.8849821215733016
0.8805537669027689
0.874468085106383
0.8905013192612137
0.8707083204454067
0.8858142493638677
0.8923679060665362
0.8901825047199496
0.8694983071714374
0.8780111179740581
0.86944270507201
0.891122796164553
0.8814925373134328
0.8951747088186356
0.8874255252430229
0.883617747440273
0.8916720884840599
#3
0.9269269269269269
0.9279047312520116
0.9288716456514711
0.9222011385199241
0.9306594153636981
0.9271296613068765
0.9320825515947467
0.9271034039820167
0.9285456513893902
0.9282229965156794
0.9274628879892037
0.932446264073695
0.9289256198347108
0.9392727272727273
0.9230013106159896
0.9324836376162591
0.9255942128832243
0.9252305665349143
0.9346733668341709
0.920602327173169
0.9354166666666667
0.9344047228599541
0.9282494365138994
0.926946933149552
0.9296824368114064
0.9344262295081968
0.9229986431478969
0.9215076071922544
0.9200674536256324
0.9213958406767713
0.9288428324697755
0.9341736694677871
0.9338109860116002
#5
0.9585758301951387
0.9502278303540134
0.9583020285499624
0.9621155288822205
0.9539961013645224
0.9511930585683297
0.9567358424199789
0.9481587415087593
0.9587700908455625
0.9552621928859553
0.9593345656192237
0.9556466641818859
0.9603825136612022
0.9559198542805101
0.9530376444278792
0.9502801120448179
0.9522735813603909
0.9645553002953725
0.9691969196919692
0.9592553565156305
0.9579803456455439
0.9568664763717095
0.953794139744553
0.9627216793340572
0.9571481344661987
0.9589928057553957
0.9604250641260536
0.9568395405499478
0.9571328179901616
0.9623044096728307
0.9596662030598053
0.9630885122410546
0.9642260113674357
#7
0.9793024147182828
0.974121282348397
0.9783015338570894
0.9771510174937522
0.9787313432835821
0.9766214177978884
0.9791437980241493
0.978244561140285
0.9804447852760736
0.9810620126253249
0.9773557341124909
0.9690265486725663
0.975968992248062
0.9762076423936553
0.9757281553398058
0.975894538606403
0.9759422614274258
0.9772464327034324
0.9745269286754003
0.9764359351988218
0.979381443298969
0.9807202619134231
0.9800559832050385
0.982122905027933
0.9780552402572834
0.9767354596622889
0.9752252252252253
0.972183588317107
0.9754558204768583
0.97135955831608
0.9793205317577548
0.9769230769230769
0.9790104947526237
#10
0.9902621722846442
0.9889176209826376
0.990562476406191
0.994758064516129
0.9890864995957963
0.9897473452947638
0.9878810135879544
0.9913385826771653
0.9888160431932125
0.9879076584829608
0.986958189489835
0.9884925201380897
0.9871101871101872
0.9859422492401215
0.9907120743034056
0.9910714285714286
0.9842744817726948
0.9893373952779894
0.9880763116057234
0.988659793814433
0.9852384557153672
0.9894159153273226
0.98868351565447
0.9864070536370316
0.9871601208459214
0.9898144779919971
0.9884285181037701
0.9904470768055025
0.9923488905891354
0.9894941634241246
0.9914430182808246
0.9875706214689266
0.9872241579558653
#15
0.9973684210526316
0.997626582278481
0.9981089258698941
0.9955801104972376
0.9980590062111802
0.9951456310679612
0.9987898346107301
0.9956761006289309
1.0
0.9965753424657534
0.9959514170040485
0.9966216216216216
0.9988262910798122
0.9976415094339622
0.9960815047021944
0.9962092494313874
0.9961434631700733
0.9980627663696242
0.9989071038251366
0.9959823222177582
0.9963325183374083
0.9977072984333206
0.9974102848686645
0.9985179696183771
0.997624703087886
0.9978696207925011
0.9958982772764561
0.9977125428898208
0.9980522010128555
0.9979253112033195
0.9973128598848369
0.9976699029126214
0.9969683845820702
#20
0.9988308651597818
0.9983799108950993
0.998015873015873
0.9988610478359908
0.9977578475336323
0.9996233521657251
0.9992343032159265
0.9991873222267371
0.9992415623814941
1.0
0.9988165680473373
1.0
0.9992322456813819
1.0
0.9984089101034208
0.999195171026157
0.99959661153691
0.9989247311827957
1.0
0.9983700081499592
0.9988221436984688
0.9996242014280345
0.9992122883024813
1.0
0.9992498124531133
0.9996014348345954
0.9996382054992764
0.9996007984031936
0.9987510407993339
0.9996143463170073
0.9996234939759037
1.0
0.9995938261575954
#30
1.0
1.0
1.0
1.0
1.0
1.0
1.0
1.0
1.0
1.0
1.0
1.0
1.0
1.0
1.0
1.0
1.0
1.0
1.0
0.9996055226824457
1.0
1.0
1.0
1.0
1.0
1.0
0.9992280972597453
1.0
1.0
1.0
1.0
1.0
1.0
