#1
0.8805411629245826
0.8807850029291154
0.8725133090501541
0.8793730758466275
0.8893478902331071
0.8867924528301887
0.8796680497925311
0.8754491017964072
0.8821378340365682
0.8979118329466357
0.8891679748822606
0.8824907934382323
0.8632193494578816
0.8838427947598253
0.8853036080962159
0.8952122854561879
0.886990407673861
0.8820960698689956
0.8751518833535844
0.8771446078431373
0.8902685532775051
0.870940412312906
0.8841444270015698
0.8869401816473536
0.8744722769490572
0.8804504764654923
0.8854565336249317
0.8602402578376794
0.8855072463768116
0.8833614390106802
0.8891947694425327
0.8785046728971962
0.887887323943662
#3
0.9128540305010894
0.9081113439090093
0.9145327569005653
0.9060317460317461
0.9154491762511657
0.9054449648711944
0.9146831530139103
0.9100719424460432
0.9128382630585273
0.928594403345127
0.9175074183976261
0.8997821350762527
0.9177684617865205
0.9075106592325353
0.9254506568897036
0.9141445336627548
0.9080703883495146
0.9127965252255262
0.9090909090909091
0.894878706199461
0.9102205653929791
0.9088845654993515
0.9021379102679916
0.9089767733835531
0.9038266169996614
0.9130299251870324
0.915893827950112
0.9176125961186379
0.9199728721600543
0.9173867957137919
0.9061987536897343
0.9077218840115348
0.9148172323759791
#5
0.9347139347139347
0.9348249027237354
0.9390394088669951
0.9344312290332418
0.9364613880742912
0.9307344239470936
0.9264511873350924
0.9308594988899461
0.9261568756153594
0.9348441926345609
0.930655681428081
0.9246553382494389
0.9263897373243739
0.9356576862123613
0.9300311742293038
0.9275595621377978
0.9272911734866419
0.9197632357777047
0.9325301204819277
0.9346801346801347
0.9267587536138773
0.9289223714379299
0.9282356628016296
0.9290054365206268
0.9314703925482368
0.9267332727823191
0.929660753190165
0.9362139917695473
0.9314205738278516
0.933974358974359
0.9239530988274707
0.9279061745429459
0.929778933680104
#7
0.9385733157199472
0.9491049491049491
0.9473684210526315
0.9441641439623276
0.9499358151476252
0.9402076620121733
0.9476047904191617
0.9467474489795918
0.955123911587408
0.9456593770709079
0.9452638479187152
0.9444813829787234
0.9388560157790927
0.9367131677441306
0.9419568822553898
0.9504076086956522
0.9364820846905537
0.9453569172457359
0.9403973509933775
0.9512964260686756
0.9434652477552378
0.9504223283143591
0.9489616332277367
0.9488117001828154
0.9463040446304045
0.9478827361563518
0.9505217098619994
0.9526933701657458
0.9481268011527377
0.9470374048328368
0.9554669325357261
0.9569620253164557
0.9539385847797063
#10
0.9715743440233237
0.9628730048577376
0.9650729060698542
0.9550706033376123
0.9570690768237573
0.96
0.9492885808099234
0.9582401193139448
0.9590840840840841
0.9572901325478645
0.9620820406756291
0.9618528610354223
0.9613439306358381
0.9585906284053759
0.952364149611856
0.9660297239915074
0.9589363850555369
0.9582292038557658
0.9678978253365551
0.960262612301313
0.9620119591980303
0.9585223590408296
0.9551460361613352
0.9607059607059607
0.9649305555555555
0.9547325102880658
0.9638594164456233
0.9615384615384616
0.9595395884199511
0.9657508468197215
0.9580734580734581
0.9659090909090909
0.9621160409556314
#15
0.966454802259887
0.9744680851063829
0.9740160489109667
0.9692527708258849
0.965695315381778
0.971004942339374
0.9730438038187944
0.9768145161290323
0.9743396226415094
0.9793233082706767
0.9757298628209637
0.976232086682978
0.975126171593367
0.9660556687033266
0.9773931472977746
0.9741512345679012
0.9767769176636172
0.9752510760401721
0.9722830051057623
0.973463687150838
0.975848792439622
0.9736544975536319
0.9750527055516515
0.9779462439696761
0.9797274842140246
0.975625609359766
0.9774157719363199
0.9714285714285714
0.9771133259505352
0.9674546077423776
0.972750089637863
0.9741842954463965
0.9783763277693475
#20
0.9781718963165075
0.97978006385243
0.9798018292682927
0.9813728872024836
0.983304347826087
0.978921043229725
0.9760286225402505
0.9814540059347181
0.9833746020516448
0.9758522727272727
0.97825311942959
0.9799227799227799
0.9841716496658459
0.9791449426485923
0.9795021961932651
0.9828529733673842
0.9793702497285559
0.9852476290832455
0.9831440087944302
0.9804138950480414
0.9820565907522429
0.9801185908615277
0.9800376647834275
0.981288233177402
0.9766462480857581
0.9745075318655851
0.9827709978463748
0.9852358660424919
0.9794399149237859
0.9833641404805915
0.97978006385243
0.9824828636709825
0.9820642978003384
#30
0.9913606911447084
0.9896353166986565
0.9889339727037993
0.988021778584392
0.9913663663663663
0.988056460369164
0.9925650557620818
0.9953917050691244
0.9897572078907435
0.991833704528582
0.987369985141159
0.9918256130790191
0.9882218844984803
0.9916415914409896
0.9882491186839013
0.9909453096704093
0.9881805157593123
0.9875754348597799
0.994714986787467
0.9892791127541589
0.9903381642512077
0.991699747383616
0.9913134120917304
0.9912631962140517
0.9895988112927192
0.9885482083487255
0.9865307608299964
0.9890575361807271
0.9863453815261044
0.9926739926739927
0.9912514263978699
0.9904221355090458
0.9897323065639897
