#1
0.9333333333333333
0.913961038961039
0.914407056517478
0.9237832874196511
0.9190108191653786
0.9185230393652731
0.9243441122635754
0.9102773246329527
0.9251044680167149
0.924037812288994
0.9216174183514775
0.9283520982599796
0.9186116098144823
0.9276018099547512
0.9202297383535418
0.9316358562957796
0.9087221095334685
0.9338398227287116
0.9288377874456184
0.9284217877094972
0.9249287298067785
0.924621461487821
0.9268707482993197
0.9208015267175572
0.9177702494610409
0.9258523667659715
0.9107201042684914
0.9311050477489768
0.9275793650793651
0.9261807944948389
0.9304571796522859
0.9289422452952628
0.9210611452604335
#3
0.9494736842105264
0.9486560992419021
0.9598124581379772
0.9586804398533822
0.953405017921147
0.9539007092198581
0.9529295589203424
0.9509071504802561
0.952074391988555
0.9548247199132635
0.9490861618798956
0.9560096986491168
0.9528403001071811
0.9513381995133819
0.9519466853735531
0.953646677471637
0.9468782338737496
0.9484808454425363
0.9457420050305426
0.9553053565336063
0.9631525076765609
0.9535390199637024
0.9539866526167896
0.956953642384106
0.9575221238938053
0.9542981501632208
0.9478838754809374
0.955689471818504
0.9563723806252147
0.9597972972972973
0.9571884984025559
0.9522148587373561
0.9548898071625345
#5
0.9745132743362832
0.9724113221067717
0.9758120248790602
0.9714184897671136
0.9677655677655678
0.9706933523945676
0.971924639822682
0.9686215913335824
0.9664233576642336
0.9657410746483952
0.9729829755736491
0.9704641350210971
0.9747961452928094
0.9712339137017411
0.9677650429799427
0.9765208110992529
0.9718739410369366
0.9701438848920864
0.9720749381406858
0.9710644161212538
0.9717327459618208
0.9757142857142858
0.9729046242774566
0.9736385709330558
0.9740740740740741
0.9667519181585678
0.9799737360472751
0.9725516773974924
0.9686162624821684
0.9701803051317615
0.9736030167980803
0.9704038997214485
0.9731312435411643
#7
0.9812646370023419
0.9805081796032022
0.9787701317715959
0.9815396700706991
0.9812680115273775
0.9850640113798008
0.9805170475833646
0.9810682893847193
0.9830628087508821
0.9781196581196581
0.9829710144927536
0.9834131957242904
0.9790396341463414
0.9828070175438597
0.9852770244091438
0.9839467501957714
0.9858327574291638
0.9790825688073395
0.9831903945111492
0.9836893203883496
0.9832519190509421
0.9814814814814815
0.9824067558057706
0.9817799579537492
0.9821220365332297
0.9783065080475857
0.9825540823447313
0.9791738979521
0.9869370917841183
0.981672394043528
0.9819213045019497
0.9802707930367505
0.9866338374956032
#10
0.9912767644726408
0.9899965505346672
0.9911470361816782
0.992497320471597
0.9903536977491961
0.9927641099855282
0.9885961462839167
0.9908525429930479
0.9903917220990391
0.987235594456601
0.9925868123293016
0.9911333847340016
0.9890260631001372
0.9877003354453969
0.9899665551839465
0.9904559915164369
0.9862418537291817
0.9895234876647516
0.9910990712074303
0.9880823401950163
0.9864170337738619
0.9883083668249909
0.9897455374097988
0.9929368029739777
0.9937292511988196
0.9887994399719986
0.9888965995836225
0.9894813202756619
0.9891059353869271
0.9858797972483707
0.9909485879797248
0.9878465628560578
0.9918124302195758
#15
0.996594778660613
0.9967201166180758
0.99505515405097
0.9955947136563876
0.9975515914655474
0.9937683284457478
0.9959839357429718
0.9957476966690291
0.9949109414758269
0.9965909090909091
0.9940231602540157
0.9964247407937076
0.9968847352024922
0.9970282317979198
0.9943542695836274
0.9961846623426173
0.9979321753515302
0.9940320775829914
0.9978370583994232
0.9968175388967468
0.9958909226746357
0.9959304476507584
0.996218487394958
0.9951573849878934
0.9943246311010215
0.998077662437524
0.9947585174092101
0.9973149213655543
0.9953271028037384
0.9957081545064378
0.9957198443579767
0.9964054636951833
0.9956663055254604
#20
0.99889339727038
0.9968786578228638
0.9992322456813819
0.9974415204678363
0.9965156794425087
0.9983606557377049
0.9992703392922291
0.9988175009854159
0.9989154013015185
0.9980952380952381
0.9978768577494692
0.9988942130482861
0.9985390796201608
0.9988893002591632
0.9984697781178271
0.9985080193957478
0.9977636973537085
0.9975635224504003
0.9992226972405752
0.9985815602836879
0.9996319470003681
0.997405485544848
0.9978947368421053
0.9985443959243085
0.9984609465178915
0.9974340175953079
0.9996220710506425
0.9988614800759014
0.9984825493171472
0.9985035540591096
0.9980590062111802
0.9966863033873343
0.9988076311605724
#30
0.9996242014280345
0.999593165174939
0.9996137504828119
0.9989403037795832
0.9992950299612267
0.9992777175875768
0.9984813971146546
1.0
0.9996116504854369
0.9996418338108882
0.9996489996489997
0.9996261682242991
0.9992729916394039
0.9996230682246513
0.9988479262672811
0.9996420901932713
0.9996127033307514
0.9980988593155894
0.9985353350421091
1.0
0.9991843393148451
0.9995964487489911
0.9993006993006993
0.9996432393863718
0.9992703392922291
0.9988709070380128
0.9988679245283019
0.9991772932949403
0.9993065187239945
0.9984726995036274
0.9996253278381416
0.998842145889618
0.9992166079122601
