#1
8042906.393770695
7810576.126918495
7806811.3643757105
8764489.227312863
8023008.507937789
8129069.019825876
8047000.610610455
7968515.342789501
8048042.897392899
7544204.808243513
8212622.567374349
7812489.805725485
8641811.435275733
8303606.796775997
8066262.0308787525
7761039.723531157
9099714.92060101
8275428.8834043145
8491738.76720059
7399173.2032627165
8172185.071175337
7633688.434469283
7465795.348887384
7995293.429891378
8335020.796500027
7856572.820997924
7800222.801154733
7693778.301264524
7985128.582764387
8445737.351090848
8077111.387100279
7990282.964752704
7634699.449391842
#3
7313904.2730437815
7684058.244728923
7620526.203420818
7448699.809156626
7695108.573530316
7854050.73390162
8060896.295592248
7451369.223049611
7369153.667464614
7251486.584207833
7624605.082303405
7526088.964755982
7398250.247562915
7321198.262207419
7310899.926796496
8018173.55411455
7579341.05104056
7499190.588247955
7277327.497211337
7830249.741311789
7685832.185757279
7207191.650672793
7707708.874958038
7819776.994217902
6898537.561720759
7671477.308317065
7722311.310371786
7231196.734349817
7316302.211591452
7429069.380592525
7990476.13090378
7291971.518854827
7622801.741755843
#5
7371020.488494515
7100943.724116951
7638025.827791691
7349970.812524617
6822962.183544427
7519867.403633416
7014785.001146615
6829336.928715885
6988353.112466812
7129568.589960337
6932415.392116517
6673252.51770848
7021984.1729335785
6941771.885988951
7396737.226009011
7189730.858339399
7363845.600146413
7496719.431786686
7268339.538916558
7340249.875081301
6962029.627799034
7359638.711691141
7276981.019934475
7491666.6391168535
7193726.193278968
7009884.338556737
7769066.046828926
7638359.210627139
7329521.224728227
7495422.43812722
7509751.739841878
7566743.415180087
7552043.568938971
#7
6673461.984982967
7398341.844475865
7175723.41297701
6593591.786464602
7223021.877404273
7067864.602093041
6891182.754890621
7810832.06455797
7313373.4077118635
7524301.590474129
7102161.988523304
7037497.371630192
6933406.691637933
7393360.736160189
6534817.371465147
6863830.682254314
7195654.613758296
6763026.821419358
7434833.787767708
6802952.114625514
7542705.892804742
7727885.260671079
7139891.344320148
7145099.807381988
6561195.050526291
7124122.5789247155
7281629.419565678
7466576.956197292
7492108.637576133
6455285.562163979
7068100.260995597
6769839.965866506
7482534.552514851
#10
6528303.369364053
7338865.550971091
6457285.645411849
6948711.329668164
7212143.389043838
6954621.992533386
6738433.887859046
6968055.510819554
6929558.7138901055
6878588.48035866
6873398.535020292
6597211.363794744
7361088.500192195
7062478.09306258
6776537.81314972
7069395.5476951
7437402.463286698
7755774.3763382435
6481394.35030514
6928253.825004101
7197653.868517131
7080367.75759989
7185889.537584901
6921378.553885549
7000933.476751953
7551839.3533165455
7243255.402253509
6896996.14304924
6817295.531505346
7134206.973780513
7025999.546447754
6946709.325436413
7139867.935953051
#15
6754548.666178465
6664276.467059702
6746331.922889739
6731703.250844479
7066556.563558191
6800719.56059432
6986169.563885629
7257227.556673944
7057334.410771072
6728730.339746475
6860058.618147969
7154532.6561332345
6785416.146904528
6866732.5217421055
7348812.459287703
6904889.044251144
6282325.572695285
6856067.543328792
7042810.477199614
7123637.528665692
6901740.391983926
7133550.911970556
6383345.970318317
6487913.682769597
6967431.996709406
6922561.087371111
6916934.8067525625
6760419.291697383
6616360.944638014
6642237.184907019
6586615.290749788
6952974.824781597
7220349.750818431
#20
7118383.478793114
6702457.409930348
6783532.080049038
6978267.441289902
6426077.932141095
6368578.9318317175
7107811.524725497
6717620.15320605
7322964.504278541
6976249.379304975
7311495.871334195
7017488.97256422
6842203.9109534025
6807579.574817419
6831164.235673249
6840329.573022008
7117902.707389981
7385026.827278048
6624335.007820666
7168525.87452203
7097044.652475536
7043656.7007751465
7275369.6176071465
7041084.996101797
6746614.8690546155
7024222.337521613
7205393.128090918
6707364.169916242
6757579.14545989
6866680.03928715
6773765.404633999
7039354.424253881
6535478.812145948
#30
6477981.26098448
6437515.606947988
6705573.090644896
7443670.484749496
7168252.368833542
6806423.4748310745
6839186.918867916
6652715.854349256
6766485.724258304
7067236.374805212
7171725.30879879
6813179.311485529
7313580.876228869
6954457.9135424495
6655021.698897958
7156477.522869766
6726966.635172486
6735654.105570674
7040983.429787815
7357594.41268605
6488227.557614565
6572460.9210553765
7276344.354331255
7026769.880206794
6948607.748754501
6809048.564316988
6535425.987516761
6535512.798685133
7328609.58313483
6927641.517467111
7053552.409595847
6731784.482301414
6567941.967023134
