#1
7216922.8348481655
6912860.702201754
7806576.9269017875
7305953.112172365
7523394.600595862
6881981.738052696
7152039.282375455
7610310.735106051
7378305.733473569
7768851.255705625
6836051.38830328
7508969.109087646
7418418.608566582
7178777.686279446
7656484.061484575
7201243.412300795
6944045.265096366
7678603.095174909
7543438.26226303
7441995.733476967
7497848.440113097
7182056.165635407
7014225.642514944
7344831.550879151
6807411.856093526
7186202.251211464
7076058.036472589
7370796.130996227
7244711.610614598
6941421.461845279
7360139.552668512
7225361.888715684
7106881.905813932
#3
6921970.100627482
6715909.6274651885
6920043.620959461
7219006.78848213
6943862.735631108
7369214.258022577
7384532.905893266
6761711.240338147
6994769.33851245
6773123.517965019
7225694.195114404
7047557.070637912
6999093.682767034
7025903.887312353
7237290.477363288
7030544.27646625
6782560.470006287
6636389.7806223035
6987378.473621339
6891643.10693264
6998948.492292166
7163923.36956954
6900043.160396129
6872882.062986553
7744276.667035818
7070304.660582304
7010448.822010338
7345359.799435079
6788228.42609033
6948657.034293115
6716620.589257121
6811294.007642984
7179153.692903817
#5
7032134.676787466
6892301.44498533
7441076.015187353
7440441.57794863
7867793.422035277
7007267.568939865
6957509.4988283515
7276264.261816174
6700927.450276941
7465288.21970433
7070397.736550868
6950283.969483554
6568950.765394986
7419934.2254959345
6880041.249222815
7242403.548713207
6985671.793420136
6748372.220622897
7134061.875989914
6844605.848755717
6327252.050953656
6638549.250528753
7286848.431403935
6528383.919211596
7208535.897609115
6702650.087780178
6802187.758020937
6969318.083432972
6942771.869811684
6804229.4373752475
7112468.97242403
7729782.521660328
7159253.910350025
#7
6574160.763102025
6951493.760330558
7075792.758443892
6446426.123877794
6522499.134511113
7035254.742490768
6726605.464638233
6830155.605902374
7332014.290685892
7351169.472246319
6861954.535178304
6698548.432959974
7377320.61408788
6677547.519785464
6967582.558405459
6558659.436733425
6581936.32229948
7549507.463020027
6810173.862003028
6754190.006780863
6515351.608676434
6577727.241587341
7111117.179875314
7038100.652019203
6505181.031367958
7011755.05698359
7145932.991717041
6288848.719594896
6509982.04207617
7110909.718039423
6536648.668954074
6696986.754897773
6657698.3752487
#10
7258903.672553301
6750933.06982398
6918816.865535259
6884797.057324469
7079124.771928847
7304541.97954452
6765170.3546408415
6723858.106001794
6843854.202178627
6672062.923346043
7353403.911567092
6931059.928205967
7037682.6088036895
6910034.6266750395
6225831.416105568
7078582.197663188
6678827.3135358095
6961794.2776528
6969398.939476669
6941106.402524471
6423304.082700849
6906865.019447118
7196909.556619227
7338637.645054579
6664281.1754131615
6145847.835774779
6798657.286862075
6502312.733727336
6789866.408432543
7379740.6619669795
7022031.859952331
6949483.057497561
7213306.964759231
#15
6766501.064929873
7233268.207409084
6902462.532915115
6601260.851831853
7194102.8797668815
6932469.875136495
7404483.253440678
7138235.329397142
7139448.0498974025
7199940.192632318
7175916.364302188
6506646.505663633
7130100.513030499
7174575.2722399235
6891048.232224584
7179379.290757477
6537625.971639454
7086041.211827785
6449195.621025413
6943192.608600855
7288853.407726049
7501949.509777486
7084669.418002725
6494604.047784537
7330330.617843032
6766340.561433256
6752670.060890347
6814364.129295319
7079369.204923689
6753853.824786723
6967865.831241667
6827818.182834953
6991071.010096818
#20
7166628.440255642
6900042.636721373
7160367.754311025
6980204.915863752
6432609.996539444
7157656.502175182
6904185.048326075
7046262.2828813195
6758457.746838748
6684132.4629035
6803776.471869707
7184918.188074768
6932161.870690048
6808087.648301661
7243052.074287772
7256666.824934453
6741926.764670759
6863750.644872308
6517194.099296093
7442940.200421989
6399764.736259997
6511723.185556948
7223540.628882498
6890043.412366927
7392564.018600047
6661274.092166841
6278932.951810777
6712988.947567821
7025295.1581814885
7048645.050228238
6920008.113834411
6928478.055197239
6690921.171628028
#30
6939837.326182365
6796001.92770195
7491278.94578594
6566658.58750695
6636197.878596067
6419683.865408778
7077549.246217489
6813712.392695725
7205278.00168097
6833173.946221948
6926837.542335123
6734744.802490711
6818446.696825504
7118817.879912257
6301091.882957339
6683143.889171898
7264119.238293707
7124256.001063764
6881137.866161585
6829385.729426444
7040722.718575358
7174062.422968
5619638.890300691
6889053.802316129
6590322.970406055
7153288.835255027
6661010.2746988535
7008584.800102115
6971236.153360784
6836788.359025955
6862842.943927288
6585123.696183801
7022247.621354818
