#1
0.9902794653705954
0.9920127795527156
0.9858267716535433
0.985981308411215
0.992816091954023
0.9946452476572959
0.996268656716418
0.9935979513444302
0.9923857868020305
0.9959404600811907
0.9933155080213903
0.987485779294653
0.9903691813804173
0.9988038277511961
0.994279176201373
0.988
0.9886363636363636
0.992583436341162
0.9910514541387024
0.9902676399026764
0.9883313885647608
0.9969450101832994
0.9977802441731409
0.990487514863258
0.9907651715039578
0.9870967741935484
0.9905660377358491
0.9943052391799544
0.9952662721893492
0.9971949509116409
0.9921259842519685
0.99265605875153
0.9927095990279465
#3
0.9970588235294118
0.9954128440366973
1.0
0.9976076555023924
0.9939467312348669
0.9973958333333334
1.0
0.998661311914324
0.9948849104859335
0.9969135802469136
0.9953488372093023
0.9942857142857143
1.0
1.0
0.9950186799501868
0.9988636363636364
0.9949431099873578
0.9946524064171123
0.9953757225433526
0.9988023952095808
1.0
1.0
0.9982238010657194
1.0
0.9961636828644501
0.9973045822102425
1.0
0.9986648865153538
0.9961290322580645
0.9960732984293194
0.9940828402366864
0.9962311557788944
0.9971550497866287
#5
0.998849252013809
1.0
0.9985915492957746
1.0
0.9986789960369881
0.9962871287128713
1.0
1.0
0.9988193624557261
1.0
0.9985422740524781
0.9986357435197817
0.998849252013809
0.9986684420772304
0.9988290398126464
1.0
0.993421052631579
0.9986468200270636
1.0
0.9987546699875467
0.9988109393579072
0.9986522911051213
1.0
0.9987012987012988
1.0
0.9987228607918263
0.9986376021798365
1.0
1.0
0.9983579638752053
0.9977973568281938
0.996523754345307
0.9985007496251874
#7
1.0
1.0
1.0
1.0
1.0
1.0
1.0
1.0
0.998766954377312
1.0
1.0
1.0
1.0
1.0
1.0
0.9988938053097345
1.0
0.9987357774968394
1.0
1.0
1.0
1.0
1.0
1.0
0.9985754985754985
1.0
1.0
1.0
1.0
1.0
1.0
1.0
1.0
#10
1.0
1.0
0.9988623435722411
1.0
1.0
1.0
0.9986301369863013
0.9987421383647799
1.0
0.9986033519553073
1.0
1.0
1.0
1.0
1.0
0.9969879518072289
0.9985250737463127
0.9986357435197817
1.0
1.0
1.0
1.0
1.0
1.0
1.0
1.0
1.0
1.0
1.0
1.0
1.0
0.9984276729559748
1.0
#15
1.0
1.0
1.0
1.0
1.0
1.0
1.0
1.0
1.0
1.0
1.0
1.0
1.0
1.0
1.0
1.0
1.0
1.0
1.0
1.0
1.0
1.0
1.0
1.0
1.0
1.0
1.0
1.0
1.0
1.0
1.0
1.0
1.0
#20
1.0
1.0
1.0
1.0
1.0
1.0
1.0
1.0
1.0
1.0
1.0
1.0
1.0
1.0
1.0
1.0
1.0
1.0
1.0
1.0
1.0
1.0
1.0
0.9984202211690363
1.0
1.0
1.0
1.0
1.0
1.0
1.0
1.0
1.0
#30
1.0
1.0
1.0
1.0
1.0
1.0
1.0
1.0
1.0
1.0
1.0
1.0
1.0
1.0
1.0
1.0
1.0
1.0
1.0
1.0
1.0
1.0
1.0
1.0
1.0
1.0
1.0
1.0
1.0
1.0
1.0
1.0
1.0
