#1
3470355.2448631525
3304497.4523785114
2942217.921174109
2446160.4388997555
3417105.07342422
3687411.8806940317
3224042.1367685795
3347327.764382243
3192871.792365074
3306837.679311633
2499889.200490594
3113232.029203534
2841125.106754303
3215859.3712774515
2586923.5423175097
3100638.205162525
2666524.088015914
2954153.8801952004
2916666.087246895
2886364.2369607687
3172370.8086122274
3034811.961163044
3026982.6010855436
3543621.8080043793
2942441.8894404173
2881355.7269518375
3240146.375423312
3493333.169336915
3044263.702970803
3242384.862370491
3092283.4386801124
3071384.608800888
2111151.439421296
#3
2739575.288326621
2717251.2009812593
3583007.915855348
3258885.9512275457
2853126.375698626
3113876.0643042326
2777583.972850442
3115443.4506168365
3021353.8682080507
2243723.4914335012
3023797.7952661514
3359388.092367053
3356221.689976573
2533721.4915343523
2700451.4532551765
3401616.6004772186
3580900.526130438
2666022.6549425125
2897238.4456139803
2698580.8914921284
3436764.461633563
2696835.384052992
3454465.394743681
2995026.899465561
3147728.6735361814
3358497.9950666428
2401305.0312645435
2998840.834233284
2977178.0897887945
2483625.673358202
3393230.189213991
2845884.352563858
3175247.595932007
#5
2692872.190030217
3105120.7159302235
3113805.1153476834
3214043.642117679
3474079.431622267
2863200.03941381
2918600.819442272
2994254.0937867165
3289772.1464152336
3316191.495932579
2936217.844787836
2653249.543892741
3286617.727241993
2957101.9706754684
2930282.463390827
2801825.0584555864
2954007.1098064184
2819412.095578909
2459785.404847026
3181190.454057455
2634094.3745162487
2770531.004637122
3563930.480461836
2629757.109226942
3110953.3874384165
2619048.9285253286
2409685.109472871
2154967.3596178293
2824427.803597212
3579340.0537286997
3705836.0618509054
3431009.5864037275
3195580.513468981
#7
2821296.660488963
3258881.3497349024
3744895.742258191
3398721.611827612
3155570.7559854984
3171842.7546476126
2828211.4223917723
2432916.536452532
2787273.635867536
2917764.22275424
2489353.218203187
2459768.1468806863
2814347.5982751846
2848175.015917897
2611855.2773500085
3152461.517284155
3002024.2517380714
3290396.2375688553
3694316.0139369965
3309837.5534627438
3276736.8136042356
3427482.503797531
3466844.7702612877
2953715.064932227
3641075.4301131964
2635646.2089464664
2505265.866925478
2716591.508482218
3285860.691090703
3017358.494409442
3036005.6954598427
2314962.8508449793
2784492.4869303703
#10
2602936.3044365644
3067104.434479594
2898196.3137949705
3018532.1799834967
3140642.658914566
2795717.194299102
3001517.864794135
2731993.432088971
3022300.964112997
2692875.257815361
2471006.0322571993
3028576.2688912153
2688405.373095453
2948577.7473306656
2652002.820844531
3183255.0670187473
3113068.5799770355
2928051.686017871
3242473.8820574284
3527596.5360506773
2199692.1792390347
3325260.734537244
2516784.006742716
3429139.3310465813
3481906.976435423
2778028.9225856066
2961725.1793466806
3035232.694541931
3209778.1633239985
2613871.5631763935
2681781.916480422
2515056.408379376
3112718.01345098
#15
2999734.1912019253
3367973.5651584864
3455075.57761842
2821359.899908304
2958274.0868353844
2991420.2775936127
3208577.620188117
2813961.3580527306
3290852.567604661
2939525.2607166767
3028594.4299246073
3428634.256710291
2461101.786144376
2887293.2593592405
3185068.6511027813
2861844.110385418
3113095.4688037634
2941936.513139963
2960439.9117586613
3337171.067468405
2842467.6209192276
2944346.867123008
2559847.625063896
3282953.2286338806
3148833.743263006
2410727.7255238295
2867434.56159997
3393590.0661907196
3175213.8094807863
2777023.070653081
2590760.034748435
3133152.030018747
3524524.939303279
#20
3559369.211927533
2825358.040292859
3257571.885605693
2907850.23711884
2753411.7628355026
3536682.5701750517
3077420.6190583706
2840798.567243099
2850331.788652897
2824089.2612757683
3425593.7242455482
3249617.474510908
3045322.8587343693
2676678.7288491726
3018642.354237914
2763582.466474414
3314374.834661722
2586351.6242394447
2588275.25236094
3351211.4623475075
2768517.8704583645
2674147.2005978823
3223299.895578146
2728579.62377429
2657568.206639886
2621428.6587227583
3346901.000874996
2611143.0985958576
3497146.1468360424
2914821.8050768375
2438486.6068503857
2861504.425303459
3206244.6793094873
#30
3173398.488356352
3042681.0989055634
3206908.855545759
3451403.826207161
3232403.318490386
2635335.602172017
3378149.3441741467
3217342.542926073
3214083.4848418236
3398171.199041605
3483862.4124358892
2953457.3023552895
2776735.455709398
2763992.3572990894
2916151.6297881603
2915325.902255416
3327205.2145957947
3037698.658666849
3011140.5856232643
3158468.747225404
2625027.8569943905
2730013.5806930065
2897220.518314719
2924133.8858308196
2622144.781160474
3341100.37517488
3454320.1143729687
2499685.714695096
3058258.903966427
3172655.550800085
2459703.2257329226
3204801.230322361
3251476.3203259706
