#1
0.9755747126436781
0.9888059701492538
0.9829396325459318
0.9841849148418491
0.9778129952456418
0.9795918367346939
0.9734299516908212
0.9851190476190477
0.9800936768149883
0.9810844892812106
0.9703903095558546
0.9873737373737373
0.9803370786516854
0.9913419913419913
0.9829545454545454
0.9718670076726342
0.99125
0.9682337992376112
0.9784810126582278
0.9855072463768116
0.9700598802395209
0.986764705882353
0.9845971563981043
0.9832935560859188
0.9723820483314154
0.9881936245572609
0.9806629834254144
0.9768637532133676
0.9838709677419355
0.9814814814814815
0.983790523690773
0.9885550786838341
0.9824086603518268
0.9830287206266318
0.9841269841269841
0.9808481532147743
0.9923076923076923
0.9774011299435028
0.9774834437086093
0.9815059445178336
0.9709051724137931
0.9882198952879581
0.984743411927878
0.9843937575030012
0.9840182648401826
0.9827338129496402
0.981838819523269
0.9878640776699029
0.984009840098401
0.9911616161616161
0.9845605700712589
0.9864029666254636
0.9796195652173914
0.9815270935960592
0.9793014230271668
0.9883551673944687
0.9822335025380711
0.9865591397849462
0.99609375
0.9732394366197183
0.9755469755469756
0.9735799207397622
0.9827833572453372
0.9907407407407407
0.9762202753441802
0.978021978021978
0.9873271889400922
0.9827089337175793
0.9785809906291834
0.9797687861271677
0.9747155499367889
0.9817767653758542
0.9815078236130867
0.9881578947368421
0.9778812572759022
0.9801980198019802
0.9791376912378303
0.9838274932614556
0.9785202863961814
0.9908015768725361
0.9833333333333333
0.9891540130151844
0.9671150971599403
0.9757489300998573
0.9816625916870416
0.9781357882623706
0.9740932642487047
0.9800266311584553
0.9795673076923077
0.9805699481865285
0.9806122448979592
0.9893475366178429
0.9874081846799581
0.9776035834266518
0.9842995169082126
0.977027027027027
0.9918256130790191
0.9861111111111112
0.9912609238451935
0.976913730255164
#3
0.9814569536423841
0.9936224489795918
0.9930475086906141
0.9840490797546012
0.9910213243546577
0.9874715261958997
0.9922077922077922
0.9930313588850174
0.9920724801812004
0.9852150537634409
0.9852150537634409
0.9915492957746479
0.9890795631825273
0.9833333333333333
0.9896238651102465
0.9900373599003736
0.9964454976303317
0.9911727616645649
0.9929078014184397
0.9797297297297297
0.991494532199271
0.9926470588235294
0.9915356711003628
0.9918367346938776
0.9955686853766618
0.9903846153846154
0.9915611814345991
0.9888888888888889
0.9834801762114538
0.9839743589743589
0.985734664764622
0.9901800327332242
0.9828571428571429
0.9857549857549858
0.9922779922779923
0.982620320855615
0.9956896551724138
0.9875195007800313
0.993127147766323
0.9882766705744431
0.9952718676122931
0.986784140969163
0.9940828402366864
0.9865871833084948
0.9878640776699029
0.988110964332893
0.9963325183374083
0.9923076923076923
0.9839108910891089
0.9925280199252802
0.9879385964912281
0.9910141206675225
0.9896313364055299
0.9861495844875346
0.9880239520958084
0.9912854030501089
0.9863169897377423
0.9869358669833729
0.9949874686716792
0.9910256410256411
0.9879679144385026
0.991494532199271
0.9882697947214076
0.9838895281933256
0.9836065573770492
0.9858267716535433
0.9861751152073732
0.9725343320848939
0.9867109634551495
0.9854862119013063
0.9973544973544973
0.9906666666666667
0.9865229110512129
0.9842873176206509
0.990358126721763
0.9943019943019943
0.9929411764705882
0.9887798036465638
0.992619926199262
0.9920844327176781
0.9889655172413793
0.9860917941585535
0.9898089171974522
0.9921671018276762
0.9944196428571429
0.9953106682297772
0.9845559845559846
0.9922992299229924
0.9930362116991643
0.9849812265331664
0.9921875
0.9842424242424243
0.9957325746799431
0.9952267303102625
0.9845722300140253
0.9888613861386139
0.9773299748110831
0.9905149051490515
0.9872611464968153
0.990990990990991
#5
0.9958027282266527
0.9951456310679612
0.9912060301507538
0.9917920656634747
0.9943566591422122
0.9939098660170523
0.9822109275730623
0.9949494949494949
0.9941605839416059
0.9937888198757764
0.9910600255427842
0.9966216216216216
0.990990990990991
0.9946004319654428
0.9907651715039578
0.985691573926868
0.9956942949407965
0.9897360703812317
0.9932795698924731
0.9926144756277696
0.9946091644204852
0.9861878453038674
0.9862433862433863
0.9970104633781763
0.9929478138222849
0.9868421052631579
0.9936386768447837
0.9934895833333334
0.9967462039045553
0.992
0.9870550161812298
0.9935567010309279
0.9931506849315068
0.9948051948051948
0.9929676511954993
0.9919028340080972
0.9947089947089947
0.9905277401894452
0.9907407407407407
0.9977272727272727
0.9957325746799431
0.9876126126126126
0.9904
0.9960629921259843
0.9899874843554443
0.9923547400611621
0.992638036809816
0.9857142857142858
0.9901112484548825
0.9920424403183024
0.9916567342073898
0.9984447900466563
0.9960629921259843
0.9961389961389961
0.9941037735849056
0.997716894977169
0.9960106382978723
0.9963144963144963
0.9912718204488778
0.991701244813278
0.9902794653705954
0.9958762886597938
0.9896507115135834
0.9925093632958801
0.9850543478260869
0.992619926199262
0.9888475836431226
0.9892761394101877
0.9935316946959897
0.9958275382475661
0.98989898989899
0.9864864864864865
0.9879679144385026
0.9969924812030075
0.9921052631578947
0.9962073324905183
0.9869668246445498
0.9936708860759493
0.9849624060150376
0.9954337899543378
0.9977900552486187
0.995079950799508
0.9922879177377892
0.9912060301507538
0.9977298524404086
0.9903264812575574
0.991494532199271
0.9916550764951322
0.9939393939393939
0.9947229551451188
0.9903225806451613
0.9928469241773963
0.9946949602122016
0.9890710382513661
0.9882903981264637
0.9923664122137404
0.9954699886749717
0.9945054945054945
0.9961538461538462
0.9952324195470799
#7
0.9894859813084113
0.9967811158798283
0.9949558638083228
0.9923896499238964
0.9969278033794163
0.9972337482710927
0.9988738738738738
0.992867332382311
0.9946949602122016
0.9953434225844005
0.9959893048128342
0.9985163204747775
0.9944211994421199
0.9937578027465668
0.9928057553956835
0.9941002949852508
0.9954545454545455
0.9956521739130435
0.9929971988795518
0.9964028776978417
0.9986807387862797
0.9974522292993631
0.9974059662775616
0.9923547400611621
0.9975609756097561
0.9946949602122016
0.9940298507462687
0.9978070175438597
0.9985380116959064
0.9978632478632479
0.9927431059506531
0.997289972899729
0.9958734525447043
0.9976190476190476
1.0
0.998805256869773
0.9986595174262735
0.9984962406015038
0.9932065217391305
0.9951219512195122
0.9961139896373057
0.9900709219858156
0.9942857142857143
0.9951338199513382
0.9935316946959897
0.9978189749182116
0.994277539341917
0.9937106918238994
0.9948453608247423
0.9988851727982163
1.0
0.9908350305498982
0.997563946406821
1.0
0.9949174078780177
0.9932523616734144
0.9959946595460614
0.9957507082152974
0.9972067039106145
0.9951338199513382
1.0
0.9959183673469387
0.9977653631284916
0.9930898321816387
0.9902439024390244
0.9934296977660972
0.9907038512616202
0.9974391805377721
0.9952996474735605
0.9933628318584071
0.9931412894375857
0.990990990990991
0.9940546967895363
0.9887096774193549
0.9906868451688009
0.9953216374269006
0.9974457215836526
0.9944367176634215
0.9977349943374858
0.9947575360419397
0.9967105263157895
0.9942196531791907
0.9955621301775148
0.9942922374429224
0.9986702127659575
0.9962406015037594
0.9904891304347826
0.9870298313878081
0.995
0.9948717948717949
0.9933155080213903
0.9963898916967509
0.9916782246879334
0.9969135802469136
0.9986824769433466
0.9927325581395349
0.9941944847605225
0.994277539341917
1.0
0.9943262411347518
#10
1.0
0.9970544918998527
0.9884467265725289
1.0
0.9974715549936789
1.0
0.9964028776978417
0.9987908101571947
0.9948364888123924
0.9987760097919217
0.9962732919254659
0.9967373572593801
0.9929078014184397
1.0
0.9964200477326969
0.9977851605758582
1.0
0.9956942949407965
0.9961240310077519
0.9961587708066582
0.9963414634146341
0.996937212863706
0.9952153110047847
0.9941520467836257
0.9973262032085561
0.9986504723346828
1.0
0.9976019184652278
1.0
1.0
0.9961587708066582
0.9951219512195122
0.9967585089141004
0.9976553341148886
0.9953650057937428
1.0
0.9957264957264957
0.9981751824817519
0.9953703703703703
0.9986559139784946
0.9983606557377049
0.9986244841815681
0.9961089494163424
0.9973856209150327
0.9959839357429718
0.9986859395532195
0.9966329966329966
0.9965596330275229
0.9973924380704041
0.9965034965034965
0.9985163204747775
0.9975786924939467
0.9955555555555555
0.9963833634719711
0.9975728155339806
0.9967845659163987
1.0
0.996996996996997
0.9961240310077519
0.9976133651551312
1.0
0.9986842105263158
0.9951456310679612
0.9985250737463127
0.9958677685950413
0.9974842767295597
0.9979402677651905
0.996005326231691
0.9951690821256038
0.9969834087481146
0.9924242424242424
0.9947159841479525
0.9974968710888611
0.9987623762376238
0.9987608426270136
0.9958563535911602
1.0
0.9976275207591934
0.9977553310886644
0.9965277777777778
0.9975698663426489
0.9889958734525447
0.9989189189189189
0.9940652818991098
0.9986301369863013
0.996078431372549
0.990909090909091
0.9988545246277205
0.9974093264248705
0.9967320261437909
0.9974226804123711
0.9984615384615385
0.9987228607918263
1.0
1.0
0.9948717948717949
0.9966254218222722
0.9977578475336323
0.9948387096774194
0.9984984984984985
#15
0.9987012987012988
1.0
1.0
1.0
0.9986033519553073
1.0
1.0
1.0
0.9987096774193548
0.9987966305655837
1.0
0.9974842767295597
0.9987163029525032
0.9987389659520807
0.9977452085682075
0.9961832061068703
0.9986263736263736
0.9987654320987654
0.9984051036682615
0.9974025974025974
0.997709049255441
1.0
1.0
1.0
0.9986962190352021
0.9987849331713244
0.9986357435197817
0.9942279942279942
0.9986842105263158
0.9986504723346828
0.9970717423133236
0.9964994165694282
1.0
0.9969650986342944
1.0
0.9987819732034104
0.998546511627907
0.9985714285714286
0.9986376021798365
0.9987046632124352
0.9987325728770595
0.9984152139461173
0.9987654320987654
1.0
0.9985007496251874
0.9986772486772487
0.9986842105263158
0.9987546699875467
0.9974293059125964
0.9988317757009346
0.9961832061068703
1.0
0.9986449864498645
1.0
0.9987357774968394
1.0
0.9987096774193548
0.998769987699877
1.0
0.9987389659520807
0.9987389659520807
0.9976162097735399
0.9988165680473373
1.0
0.9987357774968394
1.0
0.9986320109439124
0.9987277353689568
1.0
1.0
1.0
1.0
0.9989212513484358
0.9976047904191617
0.9987623762376238
0.9986789960369881
0.99734395750332
0.9985693848354793
1.0
0.9987357774968394
0.9936548223350253
0.9972067039106145
0.9973890339425587
1.0
1.0
0.9986962190352021
1.0
1.0
0.9987608426270136
0.9977777777777778
0.9957567185289957
0.9987951807228915
1.0
0.9986842105263158
0.9988558352402745
1.0
0.9987531172069826
1.0
0.9985815602836879
0.9985029940119761
#20
0.9965217391304347
1.0
0.9968051118210862
1.0
0.9987325728770595
0.9972067039106145
1.0
1.0
0.998805256869773
1.0
1.0
1.0
0.9975124378109452
1.0
1.0
0.9974358974358974
1.0
1.0
0.9975845410628019
1.0
1.0
0.9988465974625144
1.0
0.9983079526226735
1.0
0.9986842105263158
1.0
1.0
1.0
1.0
1.0
1.0
0.9954954954954955
1.0
1.0
0.9987515605493134
1.0
0.9986504723346828
0.9986702127659575
0.9987577639751553
1.0
0.9989440337909187
1.0
0.9987639060568603
1.0
0.9988304093567252
0.9975124378109452
0.9982847341337907
1.0
0.9973924380704041
0.9987261146496815
1.0
0.9986431478968792
1.0
0.9988584474885844
0.9983633387888707
1.0
0.9973368841544608
1.0
1.0
1.0
1.0
1.0
0.9988465974625144
1.0
1.0
1.0
1.0
1.0
0.9984399375975039
0.9985380116959064
0.9985007496251874
1.0
0.9984301412872841
0.9969135802469136
1.0
1.0
1.0
0.9985652797704447
0.9986504723346828
1.0
1.0
0.9974226804123711
1.0
1.0
0.9983948635634029
1.0
0.9987212276214834
0.9988439306358381
0.9987277353689568
1.0
1.0
1.0
1.0
1.0
0.9988674971687429
0.9986702127659575
1.0
1.0
1.0
#30
1.0
0.9987714987714987
1.0
0.9987325728770595
0.9988095238095238
1.0
0.9987080103359173
0.9973856209150327
1.0
0.9987029831387808
1.0
1.0
1.0
1.0
1.0
1.0
1.0
1.0
0.9986737400530504
0.9943899018232819
1.0
0.99860529986053
1.0
1.0
1.0
1.0
0.9987995198079231
1.0
1.0
1.0
1.0
1.0
0.9988610478359908
1.0
1.0
1.0
1.0
1.0
0.998766954377312
1.0
1.0
1.0
0.9989047097480832
1.0
1.0
1.0
1.0
1.0
1.0
1.0
0.9985401459854014
1.0
1.0
1.0
1.0
1.0
1.0
0.9974093264248705
1.0
1.0
1.0
0.9988888888888889
1.0
1.0
1.0
1.0
1.0
1.0
1.0
1.0
1.0
1.0
1.0
1.0
1.0
1.0
0.9987096774193548
1.0
1.0
1.0
1.0
1.0
0.9976387249114522
1.0
0.9982174688057041
1.0
1.0
1.0
1.0
1.0
1.0
1.0
1.0
0.9986033519553073
0.9986244841815681
1.0
0.9987893462469734
1.0
0.9984917043740573
0.9986013986013986
