#1
3.991058551577997E7
4.079785925843194E7
4.128373155879012E7
3.858236098985964E7
3.886816877508071E7
3.870000182923007E7
3.9168490802049994E7
3.940258347896245E7
4.055537429695827E7
4.076868200239009E7
3.8756577079952985E7
3.891040004722899E7
3.978697439153203E7
4.015092628033778E7
3.86209702923021E7
3.907669319328332E7
3.766396386226621E7
3.908191415467447E7
3.754948858759296E7
4.0059361666368484E7
4.241789271166214E7
3.866191709411734E7
3.8610887941978365E7
3.94570316081619E7
3.914487726345581E7
4.047988059560332E7
3.836067895500076E7
3.959984654300764E7
3.959632377492079E7
4.0827529304153055E7
3.840512463936353E7
4.011873060979316E7
3.953916468867731E7
3.934123136754531E7
3.9960447739197135E7
3.952385575543079E7
4.011490082140097E7
3.9926062215289325E7
3.910260299865076E7
3.853160617965272E7
3.9104268114880264E7
3.901194801658577E7
3.883439521499956E7
4.18932696376082E7
3.8829392070746005E7
3.816542519588104E7
3.7975523554264784E7
3.889534172336224E7
4.001309936234531E7
3.875015154306802E7
3.8762084866583794E7
3.878996026082119E7
4.0120679257324845E7
4.014642591893399E7
3.9812500599585235E7
3.9705352192043334E7
3.714329885004723E7
3.962270224516654E7
3.870696414644793E7
3.656089492421007E7
3.967850764320767E7
3.966945095126706E7
3.890876727184385E7
4.0033967569388956E7
4.122650700459623E7
3.861679104107559E7
4.0463648449875176E7
3.854672020290327E7
3.868903780694157E7
3.8524887518390805E7
3.93242426896736E7
3.946376672907409E7
4.201652787956822E7
4.0944798178590864E7
3.969519141852075E7
3.883528294096702E7
4.063041331949973E7
3.959995973540461E7
4.035539928658292E7
3.917701429530877E7
4.008892365036902E7
3.812095553961182E7
4.051654180642846E7
4.068616329593226E7
3.828269416803709E7
3.871454857145995E7
4.080949449461934E7
4.223352699503222E7
3.864283475714859E7
3.851638334521848E7
3.8990271220116645E7
4.145001439664367E7
3.906290201106709E7
4.04993681014528E7
3.7991799388614535E7
3.952866649922106E7
4.089740264365357E7
3.919526181701642E7
4.005989442765632E7
4.042875196446499E7
#3
3.804434519748759E7
3.886631149354711E7
3.7951222063531905E7
3.9117595628106326E7
3.68530298281087E7
3.689043460429278E7
3.8672288574221045E7
3.925840848380917E7
3.976191692183706E7
3.931599840611556E7
3.7162901653597355E7
3.963508229374319E7
3.760258578622466E7
3.732544793856588E7
3.735372876897177E7
3.8718046272832096E7
3.884494497628659E7
3.903348354187104E7
3.833785888748798E7
3.9172386231934994E7
3.843226938766658E7
3.768387490115914E7
3.88182302342619E7
3.693545456592581E7
3.853880229236528E7
3.85482141123181E7
4.0106149883993715E7
3.7800567902706295E7
3.8798939729967356E7
3.948616919333169E7
4.007403506563711E7
3.758913519592059E7
3.844303268215817E7
3.92439980920946E7
3.8106304400687546E7
3.817740468305978E7
3.730366732955879E7
3.805717791022253E7
3.831581931110716E7
3.877329883797535E7
3.843794214700922E7
3.892205961088398E7
3.651660809325671E7
3.814655519071305E7
3.803881635447022E7
3.891393267408675E7
3.927239344915241E7
3.744388057139173E7
3.8575227647302955E7
4.086818048524815E7
3.982118395800117E7
3.956968251694384E7
3.818919660020247E7
3.700435956797603E7
3.928264621683356E7
3.678923769204587E7
3.842846250369546E7
3.714534670541632E7
3.9029419909834474E7
3.943662988796559E7
3.916241877198601E7
3.7830622517902404E7
3.8509354755916715E7
3.981997424506348E7
3.7921504691936195E7
3.829559387481728E7
3.769221284429929E7
3.933861071220955E7
3.9909610975812525E7
3.813917904261437E7
3.890396677210209E7
3.753983911627257E7
3.919000048728928E7
3.871078477398965E7
3.785033158075896E7
3.857240735617778E7
3.833164790944809E7
3.865678777011448E7
3.730398400811523E7
3.802238293801054E7
3.828382274865496E7
3.809549972782722E7
3.899117210042113E7
3.7325256170686305E7
3.866557015663165E7
3.929963906131473E7
3.8222753525740296E7
3.862430301042563E7
3.881363862383196E7
3.797795358345124E7
3.672893201819694E7
3.987901991056377E7
3.750974887873149E7
3.9478569753141135E7
3.971692544027111E7
3.8481974805574715E7
3.8417080290818274E7
3.862086408969569E7
3.994480467815548E7
3.8151391317802906E7
#5
3.483900408853492E7
3.695223038707584E7
3.6016215269619584E7
3.591594632482749E7
3.693020898687968E7
3.668989352106187E7
3.582062479569456E7
3.662851369271144E7
3.650268253176239E7
3.7017398329383194E7
3.600900481481838E7
3.6927254412769586E7
3.57512274983367E7
3.758934981099066E7
3.574775553377098E7
3.674843774447572E7
3.43460338135398E7
3.669631490732762E7
3.6411694783335105E7
3.700765864077839E7
3.6156707615692824E7
3.5579032855190545E7
3.61472602186144E7
3.691411289392233E7
3.557511087851733E7
3.715184570261657E7
3.538178302465019E7
3.501094943755549E7
3.735270168819603E7
3.816192533953178E7
3.641987807488534E7
3.528538782961929E7
3.7746785262980014E7
3.681006900273684E7
3.614548738210443E7
3.649256036034948E7
3.671979044449881E7
3.6228547577631086E7
3.7609147785809666E7
3.53022287191422E7
3.5249825077518135E7
3.6857270818199694E7
3.6808369085590884E7
3.624047484906891E7
3.680890660915303E7
3.607378827051383E7
3.550014405876723E7
3.5286832089680135E7
3.607848491542858E7
3.597181124651492E7
3.533765000008875E7
3.6577487827631414E7
3.64274212162672E7
3.531033516498613E7
3.569987359333867E7
3.684345678259921E7
3.60390307019442E7
3.525848251506078E7
3.624995789787564E7
3.505970782611072E7
3.563046532591787E7
3.747174641708279E7
3.7297610527074784E7
3.630601160209492E7
3.4545146588725E7
3.655955274766043E7
3.57693211093888E7
3.636776583116546E7
3.5461662533693254E7
3.752649997287959E7
3.574118616118446E7
3.544627839384359E7
3.589106431124702E7
3.658081641640055E7
3.689488114496443E7
3.632128282283172E7
3.690177324941298E7
3.480125626943207E7
3.4888190920283854E7
3.666169525065529E7
3.528210785162088E7
3.66623084572556E7
3.6349185741163105E7
3.5672023393984795E7
3.691808957685605E7
3.772801243766284E7
3.6603121029228866E7
3.565245780731428E7
3.4264477762839764E7
3.5762192784941286E7
3.605222441053587E7
3.6036598075241625E7
3.591426559107658E7
3.551643504456434E7
3.484938087285125E7
3.559992508766976E7
3.55335274102537E7
3.553460007964772E7
3.620673567758444E7
3.725251418555966E7
#7
3.522389302382371E7
3.524469457043365E7
3.504652442894626E7
3.5066745089966655E7
3.488049164701031E7
3.571517039599478E7
3.5489806850127876E7
3.4805967924367994E7
3.431013473663029E7
3.3394514420351475E7
3.42375268814275E7
3.339831886445734E7
3.386853470573965E7
3.530586590099913E7
3.517220095002356E7
3.4411681660173655E7
3.465825998883194E7
3.49962618298637E7
3.4545652409082055E7
3.5130503291730076E7
3.489117333109993E7
3.575085273189497E7
3.582611022643429E7
3.4971522200461775E7
3.692493856851733E7
3.5769435193538725E7
3.526314905236924E7
3.487580160747528E7
3.367714689121699E7
3.573228441025311E7
3.507707522889501E7
3.455032825894484E7
3.385585843854788E7
3.661965740041584E7
3.365425310188159E7
3.3092637528915435E7
3.552896534731454E7
3.6460019756463826E7
3.4817715684316546E7
3.4936940241616756E7
3.6076022948349774E7
3.559801499923691E7
3.656605567587912E7
3.368959104122481E7
3.583103802754444E7
3.572018512502316E7
3.418990364005092E7
3.411525246187797E7
3.469087489278665E7
3.378907249812332E7
3.5147920092755914E7
3.4851739421355754E7
3.547751497313145E7
3.595671444825697E7
3.3943325175827086E7
3.4095310696965426E7
3.5125821240115106E7
3.546002543861291E7
3.572025111778343E7
3.5838496352030486E7
3.450910717074394E7
3.5100100292492956E7
3.5158724419296384E7
3.4806651960621E7
3.4515405622856945E7
3.584948785949841E7
3.294587310449937E7
3.530716786871436E7
3.416696355206072E7
3.3347840465508074E7
3.3103037306660324E7
3.6433077030459076E7
3.531414235806522E7
3.53208004824155E7
3.4541613226080984E7
3.432400778907475E7
3.5765662922965586E7
3.500303313377309E7
3.556457571155414E7
3.416205593959424E7
3.3847202189342916E7
3.550347801072541E7
3.5151798307278246E7
3.587704912797582E7
3.62621052075052E7
3.468162377464172E7
3.517137301371315E7
3.504272221152073E7
3.372655222882587E7
3.523174603351638E7
3.473849726785773E7
3.475908185129124E7
3.500618245560765E7
3.522056963808194E7
3.4131235783391744E7
3.4118339356113374E7
3.464295132035619E7
3.559048014948204E7
3.4222396729867995E7
3.441917006274077E7
#10
3.503181758233461E7
3.4893043492156506E7
3.2857204763150454E7
3.432147779211268E7
3.527566261937195E7
3.600268149502373E7
3.4171997007012874E7
3.414699812518868E7
3.458665144802025E7
3.45979984380683E7
3.5204336782089025E7
3.392348537734276E7
3.446681049704307E7
3.406418753822565E7
3.200856770281416E7
3.3426049047393054E7
3.436637535800564E7
3.3398625349082887E7
3.437493142240673E7
3.448049348011628E7
3.382403285794249E7
3.396809019212517E7
3.3261506993689835E7
3.430199731473389E7
3.444689777036369E7
3.3205856266236305E7
3.3295006104780704E7
3.3418002276769727E7
3.4560787410674125E7
3.2871752957945913E7
3.4872116957460076E7
3.4021020533884406E7
3.471069765889558E7
3.463037291984984E7
3.4451174665337384E7
3.3987974437170535E7
3.3008127983626574E7
3.461385217920104E7
3.3397844584154785E7
3.514639677163178E7
3.568946387227562E7
3.4550440148851454E7
3.426482083599937E7
3.42226085243665E7
3.453110454785496E7
3.473161690228763E7
3.437925995329562E7
3.363066929237124E7
3.3969608658349335E7
3.346275074408135E7
3.299445241076678E7
3.3811048174197346E7
3.4659076888323784E7
3.367062341182244E7
3.3900313973692596E7
3.23299382794396E7
3.373153491558105E7
3.536094685350707E7
3.425433913280064E7
3.2907783037191063E7
3.460028747247657E7
3.414933226810652E7
3.3580102983083814E7
3.394459820622298E7
3.5922913565983504E7
3.43578192869111E7
3.311688618559894E7
3.466189967442879E7
3.3932162235577226E7
3.399670223025352E7
3.507299475798243E7
3.4675129180770904E7
3.3120772205470473E7
3.385506438183564E7
3.3535123677654594E7
3.415035021645275E7
3.4256480209747106E7
3.4119811831840664E7
3.4286156540441304E7
3.4384283209208876E7
3.4836624055719405E7
3.598205861232072E7
3.4341251387841225E7
3.168301777443704E7
3.50283786517033E7
3.468511247029111E7
3.503477699243027E7
3.35465039826757E7
3.3392234784716606E7
3.378797825553417E7
3.433963535727829E7
3.495309809396312E7
3.2289997297853976E7
3.4683829030129775E7
3.24335707005651E7
3.3431659639638305E7
3.3354688527495056E7
3.40007838135809E7
3.439782932110253E7
3.378534551068175E7
#15
3.3046086677800477E7
3.2671057641502887E7
3.1973798183809787E7
3.3413132846681E7
3.244757897586626E7
3.3006044390421152E7
3.3291162097533435E7
3.414938409151241E7
3.2625598829319745E7
3.28802162887069E7
3.1703120535755754E7
3.541989995309222E7
3.2601750480262846E7
3.202312866392997E7
3.34443313530491E7
3.3129368291005522E7
3.2265940178943336E7
3.3165173266379982E7
3.3101133864295363E7
3.50357658222034E7
3.398789929116011E7
3.3626590861518145E7
3.312123742384377E7
3.3379126473068565E7
3.310382539045626E7
3.3360027004587293E7
3.2840954357628107E7
3.409437876931858E7
3.1503786432751E7
3.5012375534719884E7
3.363253444687334E7
3.379630028577733E7
3.390872217620328E7
3.376166449844563E7
3.3188810880120188E7
3.448580223973489E7
3.1966066796809673E7
3.205806408037904E7
3.428464609031448E7
3.358756299434151E7
3.4128836001078576E7
3.3568850125237316E7
3.3328382264389873E7
3.2947176402817458E7
3.2078374361029476E7
3.1870244989856243E7
3.2098803863791913E7
3.3239648346915722E7
3.3988775995108634E7
3.36355650688456E7
3.2076147692017525E7
3.3528764818014085E7
3.3327665257349163E7
3.3452841649829865E7
3.2881752936964005E7
3.3207032474921197E7
3.506440127863723E7
3.2836388272361934E7
3.4708731289464176E7
3.4167203150007695E7
3.390349474785116E7
3.421148270331502E7
3.425474170987165E7
3.2478198427134454E7
3.309576106956321E7
3.443712985435268E7
3.3239380695135802E7
3.453960395748523E7
3.2205313931571633E7
3.389192909634045E7
3.2989088488702655E7
3.2554401598788857E7
3.2804046221302092E7
3.2527566488381445E7
3.2260599530692488E7
3.3497247501172453E7
3.3537840056302696E7
3.226418232637167E7
3.2654520290999025E7
3.2316562814701617E7
3.369309077353236E7
3.263579367935139E7
3.4403825150631934E7
3.336434448156309E7
3.3034096183951467E7
3.2416904385909677E7
3.30637080563702E7
3.2998551666635066E7
3.2048476151073933E7
3.210143257840857E7
3.292270647788921E7
3.1963134395677418E7
3.266972398652655E7
3.3186179862758428E7
3.3327833270270348E7
3.2990770676357836E7
3.3415466187100142E7
3.3571786687636614E7
3.367688658379555E7
3.4467451711812794E7
#20
3.426811787987745E7
3.454901154277128E7
3.435986517344275E7
3.2796648625616938E7
3.214818673308438E7
3.373041559846097E7
3.33112452514531E7
3.2565963557370633E7
3.19784450783827E7
3.21996978455379E7
3.3543921177765638E7
3.1927647038959444E7
3.2831119494419843E7
3.2476191856012434E7
3.3036859562469095E7
3.3357271159016937E7
3.1851167432086676E7
3.2839960995684296E7
3.3381621476012707E7
3.325068704471737E7
3.342179637323588E7
3.2730145542436123E7
3.2007416930680364E7
3.1714461565743864E7
3.412296637680146E7
3.3019323118994772E7
3.2848753876517236E7
3.114878358876452E7
3.2492338536418855E7
3.2173640662364736E7
3.2993373989284873E7
3.2776287913009107E7
3.16210552857019E7
3.298422026970318E7
3.3004356409191012E7
3.2153816624385685E7
3.3086046799613E7
3.3034147369591624E7
3.26007961924991E7
3.233487468226558E7
3.2134990835036606E7
3.1458563589651793E7
3.3546781008256584E7
3.3168810572975725E7
3.2160338880272627E7
3.39299596623407E7
3.354638416082418E7
3.314479376418346E7
3.2849586978451878E7
3.1938090448274285E7
3.383081084841362E7
3.181921430982104E7
3.3519140598573357E7
3.184901033075559E7
3.2231228069916308E7
3.2931486836762175E7
3.3033267489183426E7
3.1692477957885325E7
3.3340748694171757E7
3.259902098214537E7
3.1502491606508598E7
3.1349676606959313E7
3.3051540227594644E7
3.1522766442690253E7
3.3093161862677604E7
3.303123516166815E7
3.351475431755635E7
3.362965440118083E7
3.355244466520697E7
3.2105764597474605E7
3.2326054795362532E7
3.13286348224158E7
3.1703665688666314E7
3.2463908994559944E7
3.229353742715907E7
3.2921267881679893E7
3.367350903016895E7
3.292740793272516E7
3.2043827620701402E7
3.2572770897804737E7
3.2439144171637863E7
3.273015671124834E7
3.435552366326451E7
3.3122252336551934E7
3.324588630875534E7
3.3067779993315786E7
3.259205157770866E7
3.261794842479247E7
3.2896285181187898E7
3.3298146927429557E7
3.324805116413355E7
3.359492018106419E7
3.2420433337374106E7
3.270854053559652E7
3.238666506767142E7
3.3919140195753336E7
3.4697400835414946E7
3.3847237419445395E7
3.147641032037303E7
3.2076580117013544E7
#30
3.031517580609137E7
3.221501338903463E7
3.360882798628467E7
3.1794313284682184E7
3.3026972885287464E7
3.362410695947698E7
3.1659358151545107E7
3.2124148989134163E7
3.302801294598797E7
3.3073571232210517E7
3.2788862631240517E7
3.2856008022370666E7
3.2409751900868207E7
3.253743185917452E7
3.180523758409944E7
3.323255977139148E7
3.1382867917868167E7
3.2663006946998745E7
3.276192466350943E7
3.1896980849458605E7
3.188511723696229E7
3.1348676220659584E7
3.3314024995813966E7
3.239997773193249E7
3.1878668953899354E7
3.167975398364997E7
3.15986875384921E7
3.278093120304984E7
3.134935664089358E7
3.3077468849805772E7
3.2799732182626426E7
3.1608590983725607E7
3.2132587786435783E7
3.3758842668825746E7
3.428803299412063E7
3.1882795790981144E7
3.396475287502599E7
3.2867209608308583E7
3.295875199431503E7
3.417187237702301E7
3.3188097207257867E7
3.187827243731475E7
3.239476120488891E7
3.1416527608193457E7
3.1356298166804105E7
3.223974065552473E7
3.2435779309426636E7
3.366483246998745E7
3.1777405772097856E7
3.2827751738496423E7
3.2854361584624708E7
3.318599267105359E7
3.2376974504869223E7
3.362469891565463E7
3.2988318911723256E7
3.2823256691422552E7
3.233388262490344E7
3.274668892928061E7
3.228941871520078E7
3.2984092868815184E7
3.2252973608970255E7
3.267521390845576E7
3.1656092915040135E7
3.298932321988651E7
3.2844336969524592E7
3.1977821844823837E7
3.300990930857572E7
3.2263287700879633E7
3.1525232121112704E7
3.323916634553361E7
3.1217525878762543E7
3.2200928350726783E7
3.2221091839008003E7
3.191495589265439E7
3.1692975037617356E7
3.163838412213868E7
3.288503536281663E7
3.0421364109203696E7
3.35196549355191E7
3.2730361185281217E7
3.298600430922675E7
3.3263481040270776E7
3.2623425248523295E7
3.251985172880593E7
3.289367961769384E7
3.2382804935532868E7
3.292901599229291E7
3.10778487022537E7
3.2056645369023174E7
3.3005926024670094E7
3.2944563489690363E7
3.262114249243167E7
3.3174069783019066E7
3.1831727953733683E7
3.277433200973162E7
3.298187101749131E7
3.1640480707261562E7
3.3039285807769686E7
3.2453132331812292E7
3.265593875350651E7
