#1
0.9666666666666667
0.9427083333333334
0.9322033898305084
0.9421052631578948
0.9466666666666667
0.8986175115207373
0.9238095238095239
0.9122807017543859
0.912751677852349
0.9318181818181818
0.9470588235294117
0.9375
0.9272727272727272
0.9215686274509803
0.9481865284974094
0.9285714285714286
0.9390862944162437
0.9714285714285714
0.90625
0.9484536082474226
0.9224806201550387
0.9323671497584541
0.9403973509933775
0.9245283018867925
0.9064327485380117
0.9090909090909091
0.9430379746835443
0.9325842696629213
0.9425287356321839
0.9259259259259259
0.9371428571428572
0.9606741573033708
0.9411764705882353
0.9222222222222223
0.8995433789954338
0.9294117647058824
0.9367816091954023
0.9282051282051282
0.9230769230769231
0.9530201342281879
0.9382022471910112
0.9661016949152542
0.9210526315789473
0.9254658385093167
0.9426751592356688
0.9267015706806283
0.930635838150289
0.9295154185022027
0.9304347826086956
0.8930817610062893
0.9548022598870056
0.9175824175824175
0.9045226130653267
0.9166666666666666
0.925
0.9417989417989417
0.9430379746835443
0.9019607843137255
0.9444444444444444
0.9285714285714286
0.9783783783783784
0.9340659340659341
0.8983957219251337
0.9362745098039216
0.9545454545454546
0.9534883720930233
0.9107142857142857
0.9312169312169312
0.9148936170212766
0.9490445859872612
0.8876404494382022
0.9239130434782609
0.9547738693467337
0.9117647058823529
0.9333333333333333
0.9636363636363636
0.9035532994923858
0.9106145251396648
0.9421965317919075
0.9119170984455959
0.9209039548022598
0.9328859060402684
0.9548872180451128
0.9069767441860465
0.869198312236287
0.9404761904761905
0.9387755102040817
0.9407894736842105
0.9294871794871795
0.9392265193370166
0.937888198757764
0.9602649006622517
0.9795918367346939
0.9368421052631579
0.8994974874371859
0.9364161849710982
0.967741935483871
0.8888888888888888
0.976878612716763
0.9345238095238095
#3
0.9786096256684492
0.9942196531791907
0.9622641509433962
0.9748427672955975
0.9938271604938271
0.9871794871794872
0.9875
1.0
0.9868421052631579
0.9583333333333334
0.9865771812080537
0.9827586206896551
0.9886363636363636
0.9939759036144579
0.9788732394366197
0.9874213836477987
0.9881656804733728
0.9583333333333334
0.9620253164556962
0.9824561403508771
0.9870967741935484
0.9847328244274809
0.9861111111111112
0.9454545454545454
0.9751552795031055
0.9868421052631579
0.9869281045751634
0.9739583333333334
0.9783783783783784
0.9597701149425287
0.9702380952380952
0.9836956521739131
0.9720670391061452
0.9834254143646409
0.963855421686747
0.9770114942528736
0.9595375722543352
0.9754601226993865
0.9880239520958084
0.9731182795698925
0.9830508474576272
0.9712643678160919
0.9647058823529412
0.9766081871345029
0.9420289855072463
0.9811320754716981
0.9880239520958084
0.965034965034965
0.9629629629629629
0.9682539682539683
0.9803921568627451
0.98125
0.9714285714285714
0.9727891156462585
0.9899497487437185
0.9890710382513661
0.9943502824858758
0.976878612716763
0.9774436090225563
0.9764705882352941
0.9949494949494949
0.9631901840490797
0.9587628865979382
0.9642857142857143
0.9563106796116505
0.9827586206896551
0.9801324503311258
0.9862068965517241
0.9743589743589743
0.9786096256684492
0.956989247311828
0.9731182795698925
0.9693251533742331
0.9746835443037974
0.9530201342281879
0.98
0.9570552147239264
0.9822485207100592
0.9805194805194806
0.9693251533742331
0.9870967741935484
0.96
0.9791666666666666
0.961038961038961
0.9717514124293786
0.989247311827957
0.9726775956284153
0.9819277108433735
0.9709302325581395
0.9565217391304348
0.9672131147540983
0.9832402234636871
0.967948717948718
0.9619565217391305
0.976878612716763
0.9629629629629629
0.9862068965517241
0.9864864864864865
0.9710982658959537
0.9817073170731707
#5
0.9712643678160919
0.9947643979057592
0.9871794871794872
0.9894736842105263
0.9842105263157894
0.9823529411764705
0.9929078014184397
0.9950738916256158
1.0
0.9914529914529915
0.9943502824858758
0.9875
0.986013986013986
0.9870967741935484
1.0
0.9938271604938271
0.9944444444444445
1.0
0.9719101123595506
1.0
1.0
0.9933774834437086
1.0
0.9933774834437086
1.0
0.9933333333333333
0.993421052631579
0.9878048780487805
1.0
0.9946236559139785
0.9943502824858758
0.9881656804733728
0.9937106918238994
0.9805194805194806
1.0
1.0
0.9896373056994818
0.9880239520958084
1.0
0.9871794871794872
0.9937888198757764
0.9940119760479041
0.9884393063583815
0.9942528735632183
0.9894179894179894
0.9879518072289156
0.9879518072289156
0.9886363636363636
0.9798657718120806
0.9891891891891892
0.9824561403508771
0.9863945578231292
0.9922480620155039
1.0
0.984375
0.9866666666666667
0.9763313609467456
0.9940119760479041
0.9838709677419355
0.9942857142857143
0.9886363636363636
1.0
0.989010989010989
0.9885057471264368
0.9788732394366197
0.9876543209876543
0.9935897435897436
1.0
1.0
0.9920634920634921
0.9941520467836257
0.9867549668874173
0.9868421052631579
0.9815950920245399
0.9941860465116279
0.9876543209876543
0.9827586206896551
0.9941520467836257
1.0
1.0
1.0
1.0
1.0
0.9891891891891892
0.9880239520958084
0.9870967741935484
0.9940119760479041
1.0
0.9883720930232558
0.9946524064171123
1.0
1.0
1.0
0.9940119760479041
0.9940828402366864
0.9871794871794872
0.9831460674157303
0.9743589743589743
0.9858156028368794
0.9871794871794872
#7
1.0
1.0
1.0
1.0
0.9938650306748467
1.0
1.0
1.0
0.9939759036144579
1.0
1.0
0.9941860465116279
1.0
1.0
0.993103448275862
1.0
1.0
1.0
1.0
1.0
1.0
0.9925925925925926
0.9943502824858758
1.0
0.9941520467836257
1.0
1.0
1.0
0.983739837398374
1.0
0.9934640522875817
1.0
1.0
0.9929078014184397
1.0
0.9938650306748467
0.9941176470588236
1.0
1.0
1.0
1.0
1.0
1.0
1.0
0.9891304347826086
0.9932432432432432
1.0
1.0
1.0
1.0
1.0
1.0
1.0
1.0
1.0
0.986013986013986
1.0
1.0
1.0
0.9932432432432432
1.0
1.0
0.9930555555555556
0.9939759036144579
0.9880952380952381
1.0
1.0
0.9826086956521739
1.0
1.0
1.0
0.9885057471264368
0.9872611464968153
0.9938271604938271
0.992
1.0
1.0
1.0
0.9931506849315068
0.9941520467836257
0.993421052631579
1.0
1.0
0.9939759036144579
0.9932432432432432
0.9864864864864865
1.0
0.9935483870967742
1.0
1.0
1.0
1.0
1.0
0.9945652173913043
1.0
1.0
1.0
0.9935483870967742
0.9869281045751634
1.0
#10
0.9942857142857143
1.0
1.0
1.0
0.9943181818181818
1.0
1.0
1.0
1.0
1.0
1.0
1.0
1.0
1.0
1.0
1.0
1.0
1.0
1.0
1.0
1.0
1.0
0.994413407821229
1.0
1.0
1.0
1.0
1.0
1.0
1.0
1.0
1.0
1.0
1.0
1.0
1.0
0.9934640522875817
1.0
1.0
1.0
1.0
1.0
1.0
0.9942196531791907
1.0
1.0
1.0
1.0
1.0
1.0
1.0
1.0
1.0
0.9938271604938271
1.0
1.0
1.0
1.0
1.0
1.0
1.0
1.0
1.0
1.0
0.9942528735632183
0.9951456310679612
1.0
1.0
1.0
1.0
0.9940119760479041
1.0
1.0
1.0
1.0
1.0
1.0
1.0
1.0
1.0
1.0
1.0
1.0
0.9941520467836257
1.0
1.0
1.0
1.0
1.0
1.0
1.0
1.0
1.0
1.0
1.0
0.9939759036144579
1.0
1.0
1.0
1.0
#15
1.0
1.0
1.0
1.0
1.0
1.0
1.0
1.0
1.0
1.0
1.0
1.0
1.0
1.0
1.0
1.0
1.0
1.0
1.0
1.0
1.0
1.0
1.0
1.0
1.0
1.0
1.0
1.0
1.0
1.0
1.0
1.0
1.0
1.0
1.0
1.0
1.0
1.0
1.0
1.0
1.0
1.0
1.0
1.0
1.0
1.0
1.0
1.0
1.0
1.0
1.0
1.0
1.0
1.0
1.0
1.0
1.0
1.0
1.0
1.0
1.0
1.0
1.0
1.0
1.0
1.0
1.0
1.0
1.0
1.0
1.0
1.0
1.0
1.0
1.0
1.0
1.0
1.0
1.0
1.0
1.0
1.0
1.0
1.0
1.0
1.0
1.0
1.0
1.0
1.0
1.0
1.0
1.0
1.0
1.0
1.0
1.0
1.0
1.0
1.0
#20
1.0
1.0
1.0
1.0
1.0
1.0
1.0
1.0
1.0
1.0
1.0
1.0
1.0
1.0
1.0
1.0
1.0
1.0
1.0
1.0
1.0
1.0
1.0
1.0
1.0
1.0
1.0
1.0
1.0
1.0
1.0
1.0
1.0
1.0
1.0
1.0
1.0
1.0
1.0
1.0
1.0
1.0
1.0
1.0
1.0
1.0
1.0
1.0
1.0
1.0
1.0
1.0
1.0
1.0
1.0
1.0
1.0
1.0
1.0
1.0
1.0
1.0
1.0
1.0
1.0
1.0
1.0
1.0
1.0
1.0
1.0
1.0
1.0
1.0
1.0
1.0
1.0
1.0
1.0
1.0
1.0
1.0
1.0
1.0
1.0
1.0
1.0
1.0
1.0
1.0
1.0
1.0
1.0
1.0
1.0
1.0
1.0
1.0
1.0
1.0
#30
1.0
1.0
1.0
1.0
1.0
1.0
1.0
1.0
1.0
1.0
1.0
1.0
1.0
1.0
1.0
1.0
1.0
1.0
1.0
1.0
1.0
1.0
1.0
1.0
1.0
1.0
1.0
1.0
1.0
1.0
1.0
1.0
1.0
1.0
1.0
1.0
1.0
1.0
1.0
1.0
1.0
1.0
1.0
1.0
1.0
1.0
1.0
1.0
1.0
1.0
1.0
1.0
1.0
1.0
1.0
1.0
1.0
1.0
1.0
1.0
1.0
1.0
1.0
1.0
1.0
1.0
1.0
1.0
1.0
1.0
1.0
1.0
1.0
1.0
1.0
1.0
1.0
1.0
1.0
1.0
1.0
1.0
1.0
1.0
1.0
1.0
1.0
1.0
1.0
1.0
1.0
1.0
1.0
1.0
1.0
1.0
1.0
1.0
1.0
1.0
