#1
1231650.0
1102275.0
1050525.0
1174725.0
1045350.0
1107450.0
1086750.0
1314450.0
962550.0
1164375.0
1102275.0
1148850.0
1133325.0
1231650.0
947025.0
1091925.0
1148850.0
1086750.0
1055700.0
978075.0
1097100.0
1112625.0
1185075.0
1257525.0
1247175.0
1009125.0
972900.0
1309275.0
978075.0
1511100.0
1267875.0
1040175.0
1195425.0
1060875.0
936675.0
1179900.0
1097100.0
1262700.0
1138500.0
936675.0
1174725.0
1055700.0
1210950.0
1236825.0
853875.0
1257525.0
1154025.0
1288575.0
1247175.0
1071225.0
1490400.0
1386900.0
1412775.0
1003950.0
1091925.0
1242000.0
1216125.0
1216125.0
1174725.0
1122975.0
1102275.0
1236825.0
1355850.0
1174725.0
1210950.0
931500.0
1366200.0
1216125.0
1122975.0
988425.0
1242000.0
1122975.0
1329975.0
1366200.0
1081575.0
1148850.0
1221300.0
1179900.0
1091925.0
1014300.0
900450.0
1273050.0
1019475.0
1449000.0
1081575.0
1417950.0
874575.0
1226475.0
1045350.0
1273050.0
1024650.0
1185075.0
1340325.0
1309275.0
1324800.0
1210950.0
1097100.0
1226475.0
1133325.0
1247175.0
#3
1081575.0
1091925.0
967725.0
1045350.0
1138500.0
890100.0
967725.0
1138500.0
952200.0
1117800.0
1200600.0
941850.0
931500.0
1185075.0
1179900.0
1252350.0
1102275.0
864225.0
1221300.0
1154025.0
1174725.0
1086750.0
1003950.0
1335150.0
967725.0
1081575.0
1071225.0
978075.0
1040175.0
1102275.0
1014300.0
1335150.0
910800.0
895275.0
1071225.0
1060875.0
1148850.0
884925.0
1179900.0
1226475.0
1174725.0
1107450.0
1040175.0
1019475.0
1009125.0
1366200.0
936675.0
1278225.0
993600.0
1040175.0
978075.0
1091925.0
1221300.0
1050525.0
1035000.0
998775.0
941850.0
1112625.0
1045350.0
1516275.0
1122975.0
1024650.0
983250.0
1060875.0
1257525.0
1081575.0
952200.0
1252350.0
1221300.0
1122975.0
1055700.0
1335150.0
1195425.0
1081575.0
1169550.0
1102275.0
1185075.0
1060875.0
1097100.0
1076400.0
941850.0
1081575.0
1148850.0
983250.0
962550.0
921150.0
1200600.0
1112625.0
1138500.0
1112625.0
1102275.0
1045350.0
1247175.0
1045350.0
967725.0
988425.0
1112625.0
859050.0
1267875.0
1154025.0
#5
1091925.0
1009125.0
1040175.0
1045350.0
895275.0
1009125.0
1107450.0
998775.0
936675.0
931500.0
1029825.0
967725.0
1200600.0
983250.0
1097100.0
1086750.0
884925.0
1143675.0
1102275.0
967725.0
879750.0
972900.0
1071225.0
1003950.0
1076400.0
910800.0
1231650.0
1097100.0
915975.0
1009125.0
1003950.0
998775.0
910800.0
988425.0
760725.0
1076400.0
1076400.0
1014300.0
1045350.0
1179900.0
791775.0
1035000.0
1050525.0
1035000.0
1024650.0
993600.0
941850.0
1164375.0
1242000.0
1076400.0
910800.0
1159200.0
833175.0
1045350.0
957375.0
1361025.0
895275.0
848700.0
1273050.0
1019475.0
833175.0
1050525.0
750375.0
988425.0
874575.0
838350.0
993600.0
1066050.0
874575.0
947025.0
1024650.0
1081575.0
822825.0
833175.0
1060875.0
1009125.0
978075.0
1107450.0
812475.0
1024650.0
931500.0
1231650.0
1159200.0
1045350.0
1035000.0
776250.0
1122975.0
1029825.0
1138500.0
1040175.0
1086750.0
998775.0
1066050.0
1055700.0
1231650.0
895275.0
910800.0
1045350.0
874575.0
998775.0
#7
998775.0
936675.0
1014300.0
1066050.0
993600.0
879750.0
926325.0
1055700.0
957375.0
952200.0
905625.0
962550.0
988425.0
957375.0
988425.0
781425.0
1091925.0
1040175.0
884925.0
952200.0
915975.0
952200.0
998775.0
947025.0
1003950.0
936675.0
1019475.0
910800.0
915975.0
1055700.0
890100.0
921150.0
796950.0
1081575.0
978075.0
1148850.0
962550.0
1060875.0
1164375.0
1091925.0
998775.0
998775.0
1024650.0
1091925.0
957375.0
1060875.0
874575.0
884925.0
988425.0
828000.0
1055700.0
833175.0
988425.0
1071225.0
978075.0
1003950.0
1128150.0
910800.0
1086750.0
895275.0
993600.0
988425.0
1003950.0
993600.0
807300.0
910800.0
983250.0
905625.0
890100.0
1076400.0
1035000.0
1009125.0
1122975.0
926325.0
957375.0
822825.0
1009125.0
1045350.0
1045350.0
1071225.0
853875.0
952200.0
864225.0
993600.0
952200.0
926325.0
1097100.0
776250.0
947025.0
859050.0
988425.0
1029825.0
822825.0
952200.0
1035000.0
1086750.0
708975.0
1071225.0
1045350.0
983250.0
#10
1117800.0
972900.0
833175.0
843525.0
828000.0
657225.0
926325.0
926325.0
807300.0
1045350.0
884925.0
941850.0
1035000.0
890100.0
998775.0
993600.0
952200.0
947025.0
879750.0
838350.0
926325.0
921150.0
869400.0
1097100.0
941850.0
884925.0
1076400.0
962550.0
1107450.0
838350.0
838350.0
864225.0
817650.0
1029825.0
812475.0
972900.0
719325.0
884925.0
859050.0
838350.0
714150.0
947025.0
895275.0
1009125.0
993600.0
1117800.0
874575.0
972900.0
905625.0
998775.0
926325.0
822825.0
952200.0
1102275.0
921150.0
1060875.0
864225.0
947025.0
1071225.0
755550.0
817650.0
936675.0
1009125.0
1003950.0
931500.0
1050525.0
921150.0
967725.0
1143675.0
833175.0
983250.0
755550.0
947025.0
1055700.0
993600.0
1003950.0
796950.0
967725.0
1029825.0
957375.0
952200.0
812475.0
957375.0
817650.0
936675.0
1097100.0
978075.0
859050.0
941850.0
755550.0
1097100.0
740025.0
869400.0
1128150.0
807300.0
765900.0
1045350.0
848700.0
1014300.0
947025.0
#15
905625.0
972900.0
812475.0
993600.0
890100.0
853875.0
828000.0
833175.0
936675.0
910800.0
688275.0
853875.0
869400.0
910800.0
817650.0
828000.0
879750.0
828000.0
921150.0
740025.0
1091925.0
848700.0
791775.0
760725.0
853875.0
853875.0
791775.0
910800.0
905625.0
781425.0
796950.0
972900.0
952200.0
874575.0
848700.0
926325.0
941850.0
864225.0
734850.0
791775.0
791775.0
833175.0
734850.0
967725.0
822825.0
895275.0
905625.0
833175.0
828000.0
833175.0
838350.0
931500.0
776250.0
1009125.0
962550.0
781425.0
740025.0
817650.0
1035000.0
967725.0
1117800.0
859050.0
936675.0
941850.0
864225.0
941850.0
890100.0
988425.0
833175.0
967725.0
941850.0
936675.0
931500.0
817650.0
817650.0
729675.0
890100.0
786600.0
791775.0
802125.0
890100.0
859050.0
724500.0
962550.0
874575.0
967725.0
926325.0
895275.0
833175.0
833175.0
828000.0
998775.0
853875.0
724500.0
791775.0
931500.0
859050.0
978075.0
962550.0
677925.0
#20
740025.0
807300.0
879750.0
962550.0
828000.0
750375.0
853875.0
895275.0
807300.0
771075.0
874575.0
693450.0
926325.0
626175.0
957375.0
931500.0
843525.0
983250.0
957375.0
838350.0
812475.0
931500.0
791775.0
843525.0
936675.0
838350.0
874575.0
848700.0
983250.0
1009125.0
776250.0
978075.0
900450.0
921150.0
895275.0
719325.0
957375.0
884925.0
802125.0
807300.0
843525.0
828000.0
708975.0
936675.0
828000.0
1035000.0
884925.0
915975.0
941850.0
921150.0
874575.0
900450.0
745200.0
936675.0
703800.0
1024650.0
998775.0
869400.0
802125.0
967725.0
698625.0
993600.0
708975.0
936675.0
926325.0
869400.0
791775.0
833175.0
859050.0
791775.0
807300.0
740025.0
833175.0
910800.0
734850.0
853875.0
833175.0
817650.0
941850.0
874575.0
843525.0
693450.0
884925.0
714150.0
802125.0
884925.0
750375.0
879750.0
833175.0
972900.0
962550.0
900450.0
833175.0
926325.0
905625.0
905625.0
848700.0
879750.0
864225.0
693450.0
#30
672750.0
890100.0
853875.0
859050.0
734850.0
853875.0
740025.0
745200.0
745200.0
869400.0
879750.0
900450.0
781425.0
791775.0
905625.0
750375.0
771075.0
890100.0
781425.0
853875.0
900450.0
848700.0
833175.0
859050.0
781425.0
745200.0
786600.0
957375.0
724500.0
926325.0
714150.0
905625.0
1009125.0
574425.0
931500.0
765900.0
874575.0
921150.0
957375.0
755550.0
802125.0
667575.0
755550.0
936675.0
869400.0
884925.0
874575.0
812475.0
838350.0
771075.0
822825.0
853875.0
822825.0
884925.0
962550.0
843525.0
745200.0
781425.0
714150.0
978075.0
745200.0
952200.0
791775.0
952200.0
812475.0
745200.0
972900.0
771075.0
967725.0
817650.0
719325.0
693450.0
719325.0
931500.0
900450.0
708975.0
781425.0
796950.0
807300.0
848700.0
791775.0
859050.0
796950.0
740025.0
864225.0
657225.0
693450.0
781425.0
859050.0
719325.0
652050.0
776250.0
771075.0
874575.0
796950.0
1050525.0
884925.0
952200.0
947025.0
791775.0
