#1
1.94166E7
1.8190125E7
1.8086625E7
1.70982E7
1.7600175E7
1.92717E7
1.75122E7
1.7579475E7
1.884735E7
1.8728325E7
1.899225E7
1.921995E7
1.76778E7
1.913715E7
1.793655E7
1.9618425E7
1.82574E7
2.09691E7
1.7952075E7
1.83816E7
1.8500625E7
1.83195E7
1.7786475E7
1.7082675E7
1.9049175E7
1.8366075E7
1.6751475E7
1.77192E7
1.7010225E7
1.9639125E7
1.7382825E7
1.7879625E7
1.938555E7
1.855755E7
1.9152675E7
1.72431E7
1.8780075E7
1.7620875E7
1.8521325E7
1.9483875E7
1.98306E7
1.7093025E7
1.79469E7
1.9380375E7
1.9452825E7
1.799865E7
1.841265E7
1.7817525E7
1.82367E7
1.8831825E7
1.8976725E7
1.9514925E7
1.87128E7
1.793655E7
1.8707625E7
1.828845E7
1.7206875E7
1.95822E7
1.791585E7
1.77192E7
1.818495E7
1.7755425E7
1.90026E7
1.857825E7
1.7952075E7
1.74915E7
1.73052E7
1.87128E7
1.822635E7
1.746045E7
1.9390725E7
1.87749E7
1.9256175E7
1.7300025E7
1.9432125E7
1.9577025E7
1.7258625E7
1.89198E7
1.81539E7
1.7869275E7
1.70568E7
1.8645525E7
1.95408E7
1.8314325E7
1.8086625E7
1.7993475E7
1.8490275E7
1.88163E7
1.7910675E7
1.7465625E7
1.75122E7
1.77192E7
2.00169E7
1.80297E7
1.8873225E7
1.8216E7
1.9390725E7
1.893015E7
1.808145E7
1.9173375E7
#3
1.6958475E7
1.7682975E7
1.76985E7
1.789515E7
1.6792875E7
1.66428E7
1.648755E7
1.5525E7
1.68084E7
1.677735E7
1.77192E7
1.65393E7
1.739835E7
1.640475E7
1.752255E7
1.6979175E7
1.7372475E7
1.7631225E7
1.737765E7
1.630125E7
1.6192575E7
1.6658325E7
1.8107325E7
1.6772175E7
1.7434575E7
1.6461675E7
1.71603E7
1.7258625E7
1.7802E7
1.6358175E7
1.650825E7
1.683945E7
1.76157E7
1.750185E7
1.7310375E7
1.857825E7
1.7217225E7
1.779165E7
1.7072325E7
1.71396E7
1.7434575E7
1.61046E7
1.68912E7
1.607355E7
1.7413875E7
1.7175825E7
1.71603E7
1.7051625E7
1.772955E7
1.7300025E7
1.6896375E7
1.82574E7
1.6544475E7
1.808145E7
1.7455275E7
1.7413875E7
1.739835E7
1.710855E7
1.7672625E7
1.797795E7
1.7802E7
1.64151E7
1.72845E7
1.6968825E7
1.7802E7
1.7341425E7
1.7248275E7
1.83609E7
1.6948125E7
1.6782525E7
1.8241875E7
1.603215E7
1.5768225E7
1.6378875E7
1.7651925E7
1.6647975E7
1.79055E7
1.669455E7
1.7310375E7
1.8459225E7
1.77813E7
1.7507025E7
1.81539E7
1.69119E7
1.5933825E7
1.78641E7
1.7041275E7
1.5923475E7
1.7206875E7
1.8034875E7
1.623915E7
1.6151175E7
1.7600175E7
1.7548425E7
1.7972775E7
1.76157E7
1.7165475E7
1.7072325E7
1.708785E7
1.729485E7
#5
1.7258625E7
1.5964875E7
1.4826375E7
1.5732E7
1.6534125E7
1.592865E7
1.541115E7
1.59183E7
1.619775E7
1.5695775E7
1.6772175E7
1.479015E7
1.6575525E7
1.621845E7
1.574235E7
1.4826375E7
1.644615E7
1.6440975E7
1.61046E7
1.6378875E7
1.6451325E7
1.6109775E7
1.636335E7
1.61874E7
1.601145E7
1.5675075E7
1.609425E7
1.5043725E7
1.42002E7
1.5939E7
1.58562E7
1.5716475E7
1.6192575E7
1.5944175E7
1.5364575E7
1.6192575E7
1.6285725E7
1.48419E7
1.5571575E7
1.450035E7
1.6565175E7
1.57113E7
1.5851025E7
1.72431E7
1.67463E7
1.677735E7
1.60632E7
1.603215E7
1.5602625E7
1.6430625E7
1.516275E7
1.692225E7
1.6585875E7
1.6099425E7
1.5788925E7
1.5633675E7
1.460385E7
1.520415E7
1.5395625E7
1.667385E7
1.588725E7
1.6337475E7
1.6461675E7
1.6565175E7
1.636335E7
1.5136875E7
1.66428E7
1.6120125E7
1.6927425E7
1.4453775E7
1.40553E7
1.56078E7
1.4929875E7
1.501785E7
1.5995925E7
1.671525E7
1.669455E7
1.586655E7
1.5416325E7
1.6461675E7
1.5395625E7
1.5871725E7
1.5861375E7
1.6037325E7
1.507995E7
1.5623325E7
1.5426675E7
1.586655E7
1.5457725E7
1.6337475E7
1.526625E7
1.412775E7
1.5840675E7
1.5540525E7
1.551465E7
1.45935E7
1.5747525E7
1.51938E7
1.5405975E7
1.5882075E7
#7
1.524555E7
1.54836E7
1.3863825E7
1.439685E7
1.54215E7
1.565955E7
1.6171875E7
1.46556E7
1.4795325E7
1.4505525E7
1.435545E7
1.53387E7
1.47798E7
1.495575E7
1.518345E7
1.481085E7
1.51938E7
1.541115E7
1.46349E7
1.443825E7
1.46349E7
1.460385E7
1.4857425E7
1.5737175E7
1.536975E7
1.532835E7
1.6099425E7
1.5157575E7
1.55871E7
1.6146E7
1.4909175E7
1.4484825E7
1.5333525E7
1.4215725E7
1.4671125E7
1.501785E7
1.45107E7
1.52145E7
1.5706125E7
1.536975E7
1.5271425E7
1.491435E7
1.5364575E7
1.54836E7
1.4847075E7
1.6202925E7
1.522485E7
1.476945E7
1.532835E7
1.520415E7
1.57941E7
1.4526225E7
1.5706125E7
1.5550875E7
1.4697E7
1.3988025E7
1.450035E7
1.3956975E7
1.57527E7
1.54422E7
1.4733225E7
1.5923475E7
1.5074775E7
1.49661E7
1.479015E7
1.468665E7
1.58148E7
1.625985E7
1.55871E7
1.491435E7
1.534905E7
1.547325E7
1.561815E7
1.454175E7
1.48005E7
1.53387E7
1.4453775E7
1.617705E7
1.5416325E7
1.55457E7
1.5778575E7
1.4629725E7
1.50696E7
1.5364575E7
1.4878125E7
1.5136875E7
1.5602625E7
1.4867775E7
1.4267475E7
1.4143275E7
1.559745E7
1.5364575E7
1.5633675E7
1.590795E7
1.57941E7
1.6006275E7
1.45935E7
1.5178275E7
1.5188625E7
1.574235E7
#10
1.4433075E7
1.4743575E7
1.402425E7
1.49868E7
1.435545E7
1.42002E7
1.44693E7
1.387935E7
1.5468075E7
1.3501575E7
1.5426675E7
1.4360625E7
1.5726825E7
1.3770675E7
1.4505525E7
1.4464125E7
1.44072E7
1.458315E7
1.4267475E7
1.3677525E7
1.4697E7
1.5333525E7
1.3584375E7
1.2425175E7
1.375515E7
1.48005E7
1.4081175E7
1.435545E7
1.5198975E7
1.54836E7
1.4567625E7
1.3977675E7
1.4857425E7
1.4215725E7
1.4474475E7
1.4898825E7
1.3791375E7
1.510065E7
1.462455E7
1.3677525E7
1.468665E7
1.5644025E7
1.47591E7
1.5198975E7
1.4060475E7
1.505925E7
1.4909175E7
1.450035E7
1.4671125E7
1.5664725E7
1.43658E7
1.43658E7
1.41795E7
1.3636125E7
1.3905225E7
1.377585E7
1.4598675E7
1.43037E7
1.3925925E7
1.3791375E7
1.52559E7
1.530765E7
1.3662E7
1.4598675E7
1.518345E7
1.4070825E7
1.4360625E7
1.371375E7
1.3853475E7
1.4671125E7
1.3863825E7
1.3439475E7
1.48005E7
1.416915E7
1.4184675E7
1.46763E7
1.452105E7
1.4184675E7
1.491435E7
1.3377375E7
1.470735E7
1.44486E7
1.5819975E7
1.3915575E7
1.45521E7
1.412775E7
1.4257125E7
1.3553325E7
1.5488775E7
1.56699E7
1.4339925E7
1.5732E7
1.5612975E7
1.4619375E7
1.499715E7
1.41381E7
1.5519825E7
1.52973E7
1.5561225E7
1.4039775E7
#15
1.3594725E7
1.4609025E7
1.3263525E7
1.4070825E7
1.338255E7
1.4753925E7
1.42209E7
1.43244E7
1.425195E7
1.45107E7
1.4308875E7
1.416915E7
1.4215725E7
1.2539025E7
1.3377375E7
1.3511925E7
1.358955E7
1.3646475E7
1.4898825E7
1.4112225E7
1.3853475E7
1.352745E7
1.332045E7
1.42623E7
1.41795E7
1.4076E7
1.495575E7
1.4267475E7
1.348605E7
1.3170375E7
1.3812075E7
1.2787425E7
1.3449825E7
1.406565E7
1.4277825E7
1.4236425E7
1.429335E7
1.3439475E7
1.41381E7
1.33515E7
1.2714975E7
1.38276E7
1.30617E7
1.3605075E7
1.39725E7
1.354815E7
1.425195E7
1.4950575E7
1.3491225E7
1.3662E7
1.36827E7
1.3232475E7
1.4246775E7
1.4019075E7
1.4546925E7
1.356885E7
1.3687875E7
1.4350275E7
1.3977675E7
1.25028E7
1.369305E7
1.4076E7
1.41174E7
1.3791375E7
1.37241E7
1.4076E7
1.4019075E7
1.46349E7
1.43244E7
1.43244E7
1.3977675E7
1.4526225E7
1.4660775E7
1.373445E7
1.3480875E7
1.358955E7
1.42416E7
1.3335975E7
1.4805675E7
1.3584375E7
1.37862E7
1.45935E7
1.327905E7
1.4143275E7
1.408635E7
1.3356675E7
1.42623E7
1.3294575E7
1.3853475E7
1.379655E7
1.390005E7
1.3936275E7
1.3377375E7
1.42209E7
1.4215725E7
1.4039775E7
1.3832775E7
1.3698225E7
1.41795E7
1.3501575E7
#20
1.3066875E7
1.3418775E7
1.394145E7
1.3563675E7
1.2880575E7
1.3563675E7
1.2518325E7
1.408635E7
1.3605075E7
1.34964E7
1.354815E7
1.4577975E7
1.288575E7
1.178865E7
1.2901275E7
1.398285E7
1.356885E7
1.427265E7
1.3760325E7
1.3501575E7
1.4257125E7
1.4091525E7
1.3936275E7
1.390005E7
1.390005E7
1.3739625E7
1.25649E7
1.34343E7
1.4081175E7
1.33515E7
1.447965E7
1.325835E7
1.435545E7
1.4236425E7
1.377585E7
1.3905225E7
1.41795E7
1.3863825E7
1.311345E7
1.4319225E7
1.3781025E7
1.431405E7
1.3139325E7
1.34343E7
1.460385E7
1.38069E7
1.3015125E7
1.39725E7
1.44693E7
1.4909175E7
1.33308E7
1.38069E7
1.4733225E7
1.319625E7
1.28133E7
1.3874175E7
1.381725E7
1.4360625E7
1.332045E7
1.408635E7
1.3801725E7
1.30824E7
1.35999E7
1.3936275E7
1.4195025E7
1.3470525E7
1.3718925E7
1.441755E7
1.4153625E7
1.354815E7
1.3822425E7
1.3946625E7
1.259595E7
1.361025E7
1.33515E7
1.3377375E7
1.363095E7
1.41381E7
1.4060475E7
1.3108275E7
1.39104E7
1.462455E7
1.4226075E7
1.3615425E7
1.329975E7
1.381725E7
1.3988025E7
1.39725E7
1.4567625E7
1.24407E7
1.3563675E7
1.26891E7
1.43037E7
1.3170375E7
1.2456225E7
1.3936275E7
1.3925925E7
1.3698225E7
1.4050125E7
1.4339925E7
#30
1.3066875E7
1.3718925E7
1.294785E7
1.3273875E7
1.242E7
1.253385E7
1.3066875E7
1.2673575E7
1.224405E7
1.31445E7
1.3294575E7
1.3160025E7
1.350675E7
1.2746025E7
1.38483E7
1.365165E7
1.20267E7
1.3160025E7
1.226475E7
1.474875E7
1.4039775E7
1.3574025E7
1.385865E7
1.3656825E7
1.44279E7
1.3584375E7
1.2921975E7
1.4609025E7
1.45521E7
1.296855E7
1.4267475E7
1.313415E7
1.3273875E7
1.346535E7
1.3594725E7
1.38483E7
1.3791375E7
1.327905E7
1.3491225E7
1.427265E7
1.3211775E7
1.3455E7
1.3367025E7
1.394145E7
1.32273E7
1.296855E7
1.2497625E7
1.4350275E7
1.3325625E7
1.25442E7
1.456245E7
1.4050125E7
1.4236425E7
1.3408425E7
1.3118625E7
1.269945E7
1.1783475E7
1.3553325E7
1.3408425E7
1.418985E7
1.290645E7
1.3956975E7
1.45107E7
1.280295E7
1.3791375E7
1.2487275E7
1.32894E7
1.3097925E7
1.392075E7
1.3760325E7
1.2901275E7
1.4329575E7
1.3874175E7
1.392075E7
1.41381E7
1.3041E7
1.3915575E7
1.28754E7
1.421055E7
1.276155E7
1.34343E7
1.3263525E7
1.3201425E7
1.3718925E7
1.36206E7
1.412775E7
1.2953025E7
1.34136E7
1.4743575E7
1.3656825E7
1.4308875E7
1.242E7
1.323765E7
1.3977675E7
1.27719E7
1.474875E7
1.2487275E7
1.3636125E7
1.3304925E7
1.365165E7
