#1
8893939.603608906
8571019.207146764
1.0084597044389337E7
8912653.032122254
9216514.984360456
8601305.18963188
8376958.5232130885
9004935.564311653
8840933.520714194
9033488.889343053
8445396.044354975
8916364.246760488
8690656.655573219
8549762.248904407
8976653.11814949
9171414.136985779
8902594.353548348
8845929.16043526
9086485.365109831
8893695.807941794
8584125.760810375
8924444.801028103
8874865.561172783
9079506.62022838
9494016.098751605
8808636.358939469
8569652.165870458
8314681.556111813
9366848.57622224
9014067.526211858
9157290.8192482
8664327.135934353
8779965.601588279
8729475.223561227
8787866.704558343
8786283.073760659
8789664.584871054
7959921.176702231
8891809.861422926
8751642.935043186
9433846.77289483
9032716.409570575
9120734.966864794
8950651.947203457
8914645.91389373
8661768.900893569
8515736.138681531
8262783.060015231
9076988.43072027
9339043.450516462
8847369.979790032
9080420.531253844
8703771.774752498
8566432.097190768
8877757.774661422
8583422.286289841
9068165.295549452
8391311.316830367
9124536.332988024
8164826.663175166
8277951.426852196
8454416.669850826
9206664.529028893
8195621.161862433
8702955.32456714
8518077.845268667
9013735.651568592
8725901.514524639
8406770.24062711
9359985.48434347
8753749.875763893
8600286.619985193
8715520.223559111
9287386.338833928
9576188.654301614
8503529.869660646
8982085.867407382
8914560.836755246
9084460.497154444
9088581.160948187
8389179.541679353
8336609.549411416
8763913.48254785
9561400.421518654
8468401.768952072
9080745.932495624
9318736.317417383
9256283.91578105
9897877.82391581
8746002.499141932
8591272.882496238
8078630.811863869
9299078.77014193
8209339.859014839
8461246.274805754
9308078.022049427
9037701.999785095
9013775.880501866
8539973.94458127
8840433.128944606
#3
8471137.685048014
8196263.095669359
8310983.5823381245
8139038.606898576
8018461.054492235
8526046.344427854
8582995.596706688
8353084.232400566
7962023.46589905
8225033.01362747
8512277.47075501
7399261.964971036
7658533.790224582
8383557.268995345
7818631.271125048
7993840.489742696
8446819.556279719
8086666.552263379
8089966.921023041
8001161.842622727
8536096.008648455
8075439.640564889
8038638.737118781
7801808.266852945
7486550.693629235
8433215.632314205
8527227.159108818
8216725.972973496
8184351.8210712075
7957318.15357393
8729913.577216566
8289219.7045689225
8192956.897800833
8448409.16950643
7978038.31245178
8374850.428948313
8270106.91492635
7986289.902662873
7907598.226524621
8410868.21852097
8068562.873869926
8247024.3415106535
8085455.823179394
8351970.352029651
8750017.535836637
8002489.988529772
8359708.4837350845
8461613.073145598
8647798.288576752
8821150.261682063
7895442.504576176
7834281.205960035
8037466.864902824
8508041.753358811
8855821.770150393
8287893.169853032
8007735.5123132765
8397468.656570166
9187335.449879676
8211814.39371407
7418520.60500738
8082878.051751852
7261505.711941481
7556058.200139999
8720753.122596502
8508699.039330304
8582511.286971778
8675389.264015675
8006066.665504932
8115018.426555634
7801849.259765178
8652336.488283992
9041190.365357816
8470391.57094571
8322585.2099289
7306684.425885022
8258802.916628212
8541831.621805876
8667541.921345443
8402082.620886236
8613948.642644227
8112459.195973277
8493814.857057989
8102468.692003101
9042524.410954177
8611820.65868327
8121376.0911896825
7267721.991572142
7936299.208435535
7847641.825564027
8773313.398685664
7789241.038305044
8062535.970600665
8809016.742822737
8098210.49592644
8300000.341827035
8275447.371732116
8396197.202312708
8493613.85308367
8488414.839992434
#5
7529538.306870818
8172514.716411531
7750374.853459239
7830602.507534623
8224943.79296422
7850994.052572548
8194645.914776444
8081328.444594204
7213324.248746753
8315477.697788268
7497016.233885795
8552674.999651462
8088311.884047389
8216444.073109388
7654666.718875766
8545375.192563504
8044837.945422471
8624981.830673307
7467285.661666453
6659026.8406894505
8039039.015602648
7948924.92333582
8464845.812333643
7646350.030643195
7495708.244388968
7339824.121255159
7699237.153241694
7784573.477897733
7596885.2344533205
8073703.804035813
8041269.715979308
7753680.606771469
8304763.347438365
7856467.443055719
7319606.168720305
7741053.792744577
7356829.072680652
7968995.516377866
7903358.051406205
7613300.349644065
7685743.975811541
7448251.9129451215
7733235.6712886095
7790494.286556512
7836894.245084435
8110189.884332031
7791339.646170795
7757137.062977672
7314124.781442851
7696302.27739504
7989755.826890409
7843490.739109039
7577443.779267758
8191746.493475765
8064695.190511286
7688884.783235103
8158574.350826114
7555693.097082049
7676808.710602641
8069483.58549875
8212037.1617302
7421029.609365016
7637435.272575259
8035830.849855781
7999594.515909612
7761564.388159633
7482587.543641359
7737368.096403927
8168254.723411202
7747894.312536836
8136086.855907887
8258611.259477466
7943385.577927351
7699023.373785943
8061091.037332714
7863399.979122698
7693610.904511124
8112212.504163355
8205735.613330901
8022062.444447011
7569591.739163339
8029956.343226284
7788529.73668313
7931952.687322766
8004830.125869334
8067451.8071241975
8404687.330123007
8104778.6874239445
7470355.806347966
7188242.445328742
8218354.445949197
8278670.846392125
7864124.295709759
8056195.196761608
7913086.630656391
8085979.417780817
8479592.535161376
7370661.50518316
8412961.354029626
7645178.61569801
#7
6758730.5175614655
7776888.18919301
7337556.953455836
7565331.210328996
7483884.527461141
7523180.449989706
7163040.646004766
7680618.545800298
8085851.584828913
7422653.310087919
7463688.843605071
8071973.81003952
8201475.474289924
7625657.666194618
7991955.088107884
7757545.753373265
7653249.456723332
7417525.996841401
7100719.9942239225
7207861.351839066
7522899.163998485
7588927.332152367
7235875.614576101
7478068.612996101
8017349.280806869
7488921.971050948
7508253.431187719
7853960.337448597
7760025.352708876
7643310.718471974
7983570.243248284
7853274.598350406
6953624.4859852195
7835038.879334182
7131134.95656091
7654751.067013979
7246162.135463297
7134545.083316267
8025275.7130045295
7816026.411134452
7595794.750314921
7423489.298066586
7771239.175851256
7958048.17166242
7982830.859625399
7834720.867108852
7297412.732177854
8103959.28737542
7033565.559350967
7596191.934171975
8136418.132798076
7656596.862484217
7738791.261299372
7891625.066998243
7774071.601835847
7562688.459468216
7467602.836402059
7449525.871460706
7659067.324263811
7631677.078225762
7692834.623375773
7666007.429657131
7298159.841864914
7603864.60734719
7209931.632692635
7353291.716654956
7759050.0700828135
8064572.759811044
7587633.4086099565
7590000.255613804
7601888.520015836
7821238.465175003
7830229.264288276
7168276.783390045
7595306.010353386
7649900.138442546
7953440.006781936
7084973.564182699
8626953.505396932
8128007.9650835395
8121803.503893971
8347557.079433709
7557309.775571197
8631328.026616126
7825567.698031247
7949789.585399151
7390982.818321466
7406163.875525057
7684098.209829122
7781195.235931277
7790911.389190793
7856850.206871629
7702360.48134613
7752494.423016161
7890085.997574359
7301365.283586323
7490276.38791427
7338255.793954164
7298965.591057956
7548975.316197306
#10
7282421.909251213
7587198.654890835
7257873.423584461
7565068.59020555
7615213.702865481
7084317.972937882
7529400.9376552105
6848820.115844876
7567874.301029205
7794951.017938793
7098339.236325502
7829664.895234108
7638340.270932376
7477356.259730995
8095374.601499587
7276882.732431382
7001690.496832788
7374877.624717712
7823624.596638858
7501032.83260408
7043639.27468285
7773872.281156898
7826292.731249571
7217715.9400784075
7369492.499331862
7427174.538506001
7466665.406249821
7792857.919234872
7474100.88749975
7393612.359551758
7486622.86164549
7581238.406132966
7312029.348883152
7804179.144462705
7255253.317420274
6880665.193071127
6999894.516652465
8090655.425294459
7292144.000528544
7191284.123077154
6983846.619755566
7043195.214973301
7754189.747728765
7503229.203699768
7260769.731479645
7378248.312132776
7877542.776139855
7443523.902801454
7305100.905982733
7532931.108207107
7633313.669489622
6816718.091606498
7241380.824116617
7736621.344597578
6991602.033875406
6995691.437727928
7559712.636138439
7085389.830554903
7323940.757097423
7320603.695737481
7420445.194993436
7054808.992068887
7465407.750751555
7244148.424074501
7342899.970220357
7244824.725959748
7364502.529909015
7174577.223945826
7216262.042710483
7444917.687943429
6461508.817735612
7468129.269342005
7070657.042181462
7172633.1205281615
7560805.827793837
7267127.937833011
7131383.907864511
6776003.924678296
7463084.516415596
6892396.325459361
7258654.945890605
6958811.292569339
7349111.503748953
7263180.095518291
7652583.532558233
7875166.547327578
7569841.737989187
7851807.382393688
7489763.873567909
7592104.584438264
7528424.5145511925
7715116.017264783
8005055.034525633
8108432.832716793
7299517.904543906
6902825.92212224
7690808.003080666
7477004.240219861
7668022.03035593
7454748.859030902
#15
7129566.71673131
7585223.772627711
6773942.579954088
6930444.234102756
7055714.374142826
7892261.890745848
7389147.846194923
7350872.387658834
6988154.237429917
7376121.167185307
7511431.547126412
6957830.762837827
7548676.299367368
6939764.838669419
7160625.93996352
6756691.726034045
6750324.133072704
7537059.406201243
7417000.615131319
7263815.579520464
7088352.106712937
7230654.93544507
7032782.551172376
7178940.7186796665
7696532.677008212
7028258.651258558
6830048.590315998
7460553.72143358
7925790.966610283
7440106.200229883
6819022.570912957
6780635.538364202
7502332.360386193
7169561.981051534
7634317.251743317
7092482.375925779
7090754.496462107
7420482.836244106
7639608.54306078
7848659.922159433
7529441.178204864
7972548.84437567
6815417.305078983
7654467.493231505
7484533.632047117
7266613.951766074
7434198.79758811
7446059.255765587
6893631.382843763
6818321.970844746
7436329.009185612
7111307.323004097
7121132.546369791
7801075.088763893
7548312.190734386
6795505.83513388
6980238.8243147135
7450668.007017195
7486267.533292383
7672059.044153988
7338833.318326235
7635276.6545571685
6580073.629655421
7678055.308677614
7443386.995631486
7272169.867954642
7984217.501237154
7634120.815775871
7105080.899924129
7181130.818183005
7165678.990599632
7178931.298110902
6766377.250066817
7289576.9929254055
6504637.233101159
7377583.994821966
6715124.145102739
7035879.978860199
7353075.162982106
6846525.401927948
7277638.450046539
6990630.801972628
7278084.641333878
6908247.4618704915
7612403.7440004945
7666900.257596254
7360959.008096874
7073597.387979269
7663154.617895901
6998608.665944427
6931528.165900111
7162849.706620395
7179512.112558603
6799518.898105234
7936260.968660653
7220499.556468964
7300594.371883124
7671024.057250947
7189404.556825161
7888803.732915938
#20
7361770.972435176
6982878.035622239
6213951.66738537
7281316.400606632
7392945.296450973
6658050.220051467
7213190.694792956
7433745.647676408
7246275.22602725
7659634.337114543
7447555.151667595
6558729.666819334
6801970.748144567
6877073.514292002
6947103.201981425
7157327.368547022
7202868.21742487
6910404.037299782
6846477.29189533
7009960.717840433
7797963.031335533
7412413.266302347
6662055.970502973
6781416.556199938
7134129.733299315
6803427.506306469
6850480.486829817
7025872.525661498
7341363.2324745655
7066074.434568644
7419932.858156204
6662127.621032059
6872589.082935244
7253103.8441205025
6934101.506342232
6956724.507931888
7565222.831684232
7225124.384462178
6965960.551015019
6998003.023556292
7298011.530285537
7465086.219337106
7066963.599171907
7036770.818301022
7512134.976631165
7079678.003626943
7700038.195364445
7543603.232038379
6256065.417052746
6854327.940211952
7302135.613822818
6484483.370128155
6584025.27489996
7008016.294475734
7252465.718061447
7540850.872461319
7202788.401506692
6654631.997321516
7310613.872568548
7287772.601585984
6549995.530157
7157010.427514702
7281567.893466622
6781402.557821631
6860783.611051351
7030094.77914387
7228458.4456315935
7567012.490913391
6818503.708138347
7497919.999296606
7206913.111816406
6904662.760383368
6574325.976044029
7191217.814811587
7523176.285767674
7148019.530189663
7575092.295779586
7065216.469048619
6779365.18323952
7206090.737419635
6690050.192524731
6976779.36164403
7247167.577219814
6555536.251455545
7142066.464752585
6850928.303855002
6744271.310312033
7348280.7776815295
7317317.5279734135
7175085.851851523
7276814.725787044
6907003.377091348
7533556.377938926
7036897.926219374
7160729.2392216325
7065229.952222317
7566518.056637406
6693067.205813348
7015080.58852905
6931592.794719815
#30
7020709.549428105
7128940.457133472
7345191.553415179
6828651.802886009
6877630.751339793
6120840.476554066
7296494.601982355
7255190.289433837
7073751.461720645
6513611.16759485
6993961.845628738
6812152.762533903
7112451.057086617
6765752.064222157
6642426.723249972
7016308.414806962
7007957.925409913
7056357.232818335
6809675.376645952
6841547.448578864
6674087.636426657
6845972.324623436
7523836.544859767
7033206.874450386
7321097.634593099
6780299.469597369
7344192.176932275
6661577.907770455
6472397.393622637
6598862.483367115
7251889.0873609185
6489074.012006253
6688620.124902964
7096437.382363111
7501834.644726813
7634620.026178837
7046505.870045841
6900760.00179702
7052243.258590668
6633263.375306368
7257702.601479828
7093913.056272984
6860528.206007123
7108877.503751457
7784695.5736477375
7216373.547425866
6968307.011458755
6649682.772758335
6938722.507124126
6944895.006479144
7110419.748863876
6701478.355244547
7066152.877465367
6761670.043068945
7009608.434193939
6556565.299378395
7351497.144271195
6975950.403709173
7299503.277869403
7270432.334428668
6700012.822515339
7058529.358402669
7440351.289213926
6723880.728748798
7375037.074171364
7487889.674570382
6881482.459592432
7333078.251145452
6639984.264778554
7069737.137024224
6409456.187631905
6851054.83848685
6685243.587829828
7275883.763854265
7175473.795307815
7019577.690320134
7111212.047209203
6864168.208879799
6522590.781338096
7559597.662314534
7189250.322774053
7247475.243668497
7101989.625727773
7237865.2518121
6939678.95847702
7475158.178029418
6799370.462305248
6846928.964879751
7180038.936735481
7516426.286352932
6963759.634287715
6501340.00971517
6593802.842616677
7064695.891898811
6753419.7729917765
6900283.8284935355
7229451.996941507
7014750.253361374
7004333.6807260215
7112715.116734207
