#1
8486987.205061287
7442000.55548957
8120873.085747153
8663344.60119608
7988807.737954706
8165265.206967741
8452858.895175755
8127932.095359743
8073152.15024668
7530444.3649773
8438387.575559378
8375423.2374098
7768386.338981867
7533898.150304675
7938804.539771855
7574656.435919613
7307304.255992889
8283753.537320495
7862931.636535674
7515202.258859217
8219507.755617142
7849634.705750048
8719617.149840623
7498607.696331471
7987116.5002087355
8042215.155961096
7804938.021850169
7943732.193477988
7923523.896831483
7757683.905735165
7816594.89469403
7562304.619234085
7981612.656879008
8255377.631818414
8191473.99801743
7430508.539310962
7988045.849981815
7624148.6657215655
7791838.763463825
8315061.634310961
7428066.799562126
8124752.875982255
7461012.097303122
7708898.286067933
8783142.576740563
8262969.181822568
7762588.928575784
8553950.886337906
8233658.397533476
7685632.003954858
8064027.641509026
8003885.752626479
8135054.260054171
8304826.265510291
7972539.590575665
8325288.356583595
8118721.890422523
7728316.25361371
7674630.1808030605
7027114.889421344
7653406.695338845
7687467.361334324
7768425.406055152
7962065.039327949
8912314.375037402
8049936.354014933
7558485.125705123
7993217.727433741
8627566.358286828
7484447.080985695
7950470.3485661745
7774337.955456108
8220474.762143791
7991433.907251835
7833173.225284606
7764454.259544432
8310839.938439459
7717575.265561849
7660041.267076582
7275210.146142215
7789491.397935748
7750183.120120347
8101215.78911528
7954229.7698818445
7852391.901830882
8632208.915619671
7724417.719583005
8483269.867493212
8421497.99483943
7574368.731339186
8254456.373868138
7585279.429481864
7592505.308817118
7711412.484834731
8151316.566510558
8371087.051956385
8246656.895546883
7885072.188997507
7515022.821577817
7817210.052722633
#3
7435788.157351971
7864150.471939802
7281508.185617745
7789270.032731563
7402838.891041338
7869740.886238575
7411440.377884179
6896196.695405602
7058746.661372066
7336836.462543994
7218820.047114015
6986787.338813603
7411595.74370867
7458932.303116322
7698828.7484128475
6736956.198012382
7217081.8574076
7611592.326736271
7479897.748715758
7390322.29276827
7606836.239236951
7413861.761252046
8051001.711641729
6812567.586352944
6738558.146309853
7933153.805959851
7283039.590427667
7290335.963823795
7311639.21848774
7398417.1858302355
7404135.844867051
7662133.869163334
6882348.6966097355
6832360.86462611
7119384.438669294
7457081.212230563
7911076.412324488
7459936.107308865
7629605.35098803
6882391.213833958
7805572.480705351
7829725.475631595
7664794.347617894
7007201.628252804
7131175.692944258
8102197.180506974
7759842.030152768
7400435.015789866
7799899.703719139
7678181.512295097
7506678.534068674
7331870.593572736
7458419.11285463
6829345.101372153
7055341.72567606
7332648.157031715
7903975.044434041
7877946.112538338
7083295.667696893
7552028.134139568
7232420.222622693
7640003.571965396
7249634.976865143
7759623.221390963
7211820.937122345
6956696.659954995
7753483.880610466
7418596.075770557
7315652.69600898
7757327.817524046
7446388.717187852
7146755.029473245
7820468.957172096
6915961.69395259
7660014.7684627175
8193043.340594888
7957673.943948001
7056459.756178826
7236318.104846835
8061374.165522486
7357317.241107702
7293689.082696319
7755574.939890325
7575565.768802404
7550876.948430598
6981095.280982465
7591454.211180836
7056979.750967413
7901019.493715286
7822497.319263965
7442324.00835675
7413209.365017325
8013232.100113124
7399055.827451706
8262980.491598278
7253715.626458973
7312763.2018511295
6823808.94519335
7769041.879843801
7628636.843005836
#5
7435364.602901816
7501985.440724552
6874979.458887041
7517254.383984804
7366458.97295022
7469007.853126645
7406391.75895527
7620859.96002236
6799724.082298011
7270252.830712438
6869470.733846515
7159890.989269316
7487735.296477407
7192860.25821349
7468200.007599771
7227336.873755693
7094358.259816468
7474309.210644186
6670856.02421245
6987870.002957404
7220942.206370831
7237678.602665573
7200023.278021395
7203612.293398619
7419805.396262169
6883121.539956987
8035062.078669369
7952500.226246953
7332652.537979722
7775981.215798527
7388113.749175608
7693358.173220515
7247407.274877638
7331557.272748232
7256827.446636826
7063185.148345828
7208281.370381892
7790392.730976731
7083009.307494879
7485295.410302907
7763332.5931767225
7106927.402105749
7523883.499565452
6877029.395802677
7040015.1960706115
7439154.963909388
7282312.489191592
7120302.876300931
7354775.3400962055
6668557.134272039
7105495.1982547045
6906921.885367066
7435783.945523143
7422511.793750972
7949571.365340382
7158817.758217514
7506775.107344627
7132835.532290161
6899160.162319601
7045111.112884998
7771318.696369171
7181279.541931003
7977923.6640037
7414432.503651381
7179772.198818505
7349699.791791201
6982715.750451922
7047800.33227855
7252848.362783253
7453021.543692648
7611096.035048783
7285322.384138346
7436292.606328547
6961927.757793546
7195673.219329476
7399320.948483467
7010148.140669882
7021641.985635459
7200367.250589788
7159619.887412488
6837559.449114293
7088383.001049757
7317207.525231779
7429454.569801033
7304730.751508743
6768995.873887271
7239618.421619654
6989871.474266946
7446521.674566865
7260925.088303447
7170308.046708047
7522684.575850278
7280094.625049472
6935319.441190124
7634551.861778766
7065249.717932314
7628285.783039689
7051077.077845216
7258165.644524217
7089970.163313031
#7
7869951.839700133
7139391.761705697
7109145.8236736655
6747425.823366344
6330325.933234423
7399479.330951422
6953802.626482666
6765243.790835023
6824032.358624876
7205116.504129529
7008324.966897905
7326336.65744251
6885708.668541312
7142948.020121723
7174197.015708625
6762325.763852119
7223384.47504431
7371407.71011284
7184901.430161774
6777292.349009603
7325487.248437464
7478082.919772923
7440744.5917444825
7038513.672603607
6792850.137667537
7128778.867459148
7179192.649451852
6738953.998058796
6975947.84305948
7099233.125809193
7108480.371116281
6970933.445267558
7008119.336705267
7039089.066341758
6817362.9185087085
7241967.817114592
7155606.505635381
7232019.497417182
7245687.025882065
7281183.08915323
6976048.157420218
7291201.215793133
7076204.205283463
6584041.560952306
7081740.682519734
7037339.673430502
6948824.674842417
6788060.852469385
7220362.392905831
7162963.746420801
6993147.829195082
6855489.172731578
7033639.8067114055
6911594.58648169
7626759.677908123
6803777.401395947
7298131.235017061
6809481.544974446
6887839.909289539
7255420.147987783
7413270.786427081
7062300.197638035
7474717.7248570025
7025664.307545662
7237695.082167953
7319520.662405044
7164890.588596344
6818608.855949163
7204472.434827447
7132563.79963249
7429599.692033529
7419626.742312133
7043613.535803616
7187488.10649696
7930262.549610257
7301313.205070436
6916503.112780273
7899143.790393591
7451614.987424612
7317535.230335265
6876068.704255521
6960682.099855632
6533170.926162064
7333359.47555691
7153378.389949322
7249082.106101453
7546259.52651751
6855790.519432068
6618680.147516727
7381095.712475091
7262399.927726358
6731161.679979801
7268964.8744292855
6381114.921357751
6658859.52815634
7388241.315561533
7281149.911874056
7009179.512242556
6576944.906424612
7141055.902029812
#10
7170663.551842332
7154955.569517195
6232637.630262941
7625762.516927183
7289981.473330557
6636843.552087396
6674927.4055151045
6855156.743623674
7444178.04336226
6734071.203736246
7175057.4860605
7243445.8350144625
6728777.597742677
7105866.704170704
6790274.473900259
6712592.954830706
7038086.098775268
7256558.511391997
7548982.692523956
6884769.838180482
6933841.957452446
7028002.472500563
6798429.906909049
6921958.075997204
6954428.056462526
6769884.429731816
6600044.386508346
7164038.701551765
7160373.424806654
6926062.300961316
6679395.467524588
7032202.44911778
6933171.677910179
6527775.64864701
6786991.154203355
7438007.005400777
7319182.650877476
6717078.321796417
7403524.721398741
7101627.833399534
7052914.097138017
6540614.500246525
6672791.185325503
7557983.420488894
7028072.739878565
7070364.140625536
6834852.622498065
6475173.725130826
7332647.844432056
6839292.667824805
6818067.8267297745
6812837.420710444
7102996.06002152
7148419.762831092
7165932.91898185
7039885.933230668
6853896.962667346
6949369.532840073
6788929.530067563
7244444.192346722
7284980.1936199665
7173913.0071416795
7445302.003258467
6871400.4167048335
7026208.640628576
6972586.394509077
7483892.6328929365
7335047.746450067
7014603.066072285
6912093.310532838
6775937.707653433
7149636.684012651
7010553.082423568
7103840.580264509
7463166.486200452
6778133.135052502
6406290.567197084
7329612.791628599
6828263.137172252
7187904.399044573
7132939.469548434
7183987.406155765
6689371.027704835
7103091.324138343
7086866.693319082
6824230.378577828
7535956.271961808
7113885.384945989
7357545.137116671
6969292.413770825
7340190.839261234
6814998.274452746
6932597.517988175
7377411.188827336
7073919.402087271
7115934.147805363
7309030.875952363
7644848.442382336
6875185.877821326
6799137.1817622185
#15
6771810.8853465915
6057462.731993437
7077174.278250396
7348915.92024976
6474757.674349487
6582304.13387382
7131658.3744366765
7044756.644692987
6780599.940677047
7263552.198897421
6741357.411622435
7216427.654434204
7627608.562899113
7261320.241737127
6770864.532223642
6802492.962469697
7257198.210628331
6764268.30467248
6908049.547013998
6588693.156747222
7319388.3887575865
6229170.670468837
7329908.786811948
7450395.679289997
7215982.885693699
6908464.795352161
7081414.647010088
7154816.5828796625
7241992.394991338
6599768.422700286
7274877.636583328
7203437.422230184
7033727.553464055
6813052.1413273215
7059289.32700181
6784336.6192570925
7552864.761580467
7387663.6014223695
7233579.847405851
6686417.479932368
6928348.741406858
6970311.2491444945
6726501.471950769
7187739.078106642
7053854.067649841
7651628.422493041
6872149.26902765
7115383.680737615
7172532.156896353
6987108.74031955
6758902.729282379
7055263.414791495
6505519.476409167
7163757.578572333
6580046.611993611
6757062.788775623
6708812.604735911
6869469.810637414
6854397.950370133
7123346.682881892
6916964.091224581
6456719.614832997
7015822.631605625
7248013.4887262285
6864215.226325035
6918276.9466023445
7358223.825165331
7202498.950786471
6760752.823676527
6734099.485109568
6756603.785658628
6794790.919053733
6636469.60594216
7215744.034353554
7001836.964171648
7174301.575087845
7193831.079878569
7075649.781163752
6801960.582054734
6730350.364178449
6705423.2047593
6839164.388737321
6885691.949400991
6992506.065697968
7022404.107120395
7231841.913833499
6813019.070995331
7606289.185416698
7171432.65000236
6746986.62921077
7126508.3585473895
7258176.444548786
6914347.1714091
6595840.699460506
6731671.641683936
6526186.039960742
6922278.0643950105
6703882.966257602
6681868.935879707
5913524.291258812
#20
6678848.33045876
7208502.860738218
6873378.922229469
6899549.665171444
6634473.115011692
6940289.603243172
6955354.133680165
7226641.375048399
7011405.421310127
6878949.356541395
7237602.223344862
6975925.25068903
6976029.98508507
7025618.280947328
6534406.797093987
7051062.922432959
6445137.305607498
7343488.319521576
7131415.349102676
6870091.754142791
7022790.542773157
6736056.152594268
6970650.445166409
6621891.714543074
7123690.915403008
6772221.97699517
6794353.04445219
6583343.046897054
6907055.890885234
6938338.3178249
7130502.577808708
6654213.159633279
6810510.541027665
7128019.398327291
6947590.448556572
6725330.024334133
6580714.82960701
6483617.560498595
6960602.543008
7004763.083193272
7110205.567782462
7003351.130694598
7076015.658336461
6501952.895208657
6837089.850520939
6905656.110056877
7097928.598412812
6844273.829978049
7085111.842801005
6788021.55957073
7220492.853367925
6936339.196059108
6618443.143797755
7279960.304081529
6889296.765903801
6934657.180835903
6940757.380662203
7004274.887073219
7224851.935450852
7093842.191512048
6692644.551327199
6923280.881855428
7130457.465215206
7268032.423181713
7021109.997487664
6405269.76187554
6933731.788595974
6574791.281407535
6912666.589207828
6941511.711992383
6936733.386530131
7272594.9239528775
7015987.515414834
6641077.873562515
7533344.807526112
6553281.839026451
6256387.86956647
7243679.247156322
7153121.207006872
6854164.927670002
6871143.443690032
6753420.000896126
6614070.874441087
6354586.236531615
7130566.812362462
7201973.702433407
6625290.900723696
7206768.942564994
5988278.776216149
7033260.062968969
6881232.301240325
6611143.525446653
6667521.962759256
7435736.397530794
6663246.727157235
6764489.267924041
6738176.140340835
6811822.25715512
6646066.726758063
6476236.890371203
#30
6747054.2706023455
7191510.146683753
7061395.016589761
6639511.42268613
6478018.434865594
7240820.837972224
7391575.038239658
7316698.165673107
6751731.170374811
6501783.663758308
7047922.609886885
6719241.304167688
6682896.216681719
7006224.357658982
7512362.394055188
6605562.988179266
6509317.621371567
7028258.33999759
6965292.247645229
6526003.020941913
6974316.095578909
7073243.670101702
7039237.01287812
7187421.354520261
6864495.412511051
7008184.489415646
6822209.4765455425
6731655.805629015
6967183.45970276
6856006.526376307
7149901.510853291
6375849.447495103
6793301.095433414
6567796.475571156
7473017.782390058
6890804.24276197
7385660.721575975
7199766.799131453
7170166.1401952505
6971611.366511822
7030350.12847513
7267130.0103110075
7020375.99685657
7330605.668762863
6758434.42417869
6743257.650346756
6896920.605986953
6323142.032982141
6900835.452220738
7355037.761710972
6961021.870138764
7003342.293116301
7072510.132386088
6961386.623477697
7270256.891423464
6812905.3542018235
6712838.317148209
6845377.877019346
6995337.127266973
6553569.687932521
6807201.994405031
6531467.125780284
6871551.079697192
7164655.754345655
7059249.966206253
7325953.26905036
7286624.280063987
7274711.038793743
7208105.365620196
6835192.553621471
7029813.781205535
7078283.001899064
6765449.443723708
6498941.132048339
7139449.750873357
6472052.902166694
6994910.341063678
6442407.636859417
6882605.080150366
7405223.929202199
6550315.284672618
7265655.109117091
7176870.771511674
6539425.102282941
6560340.489869982
6809698.197229207
6478982.506186813
7029239.708970845
7403090.068297327
6827795.783291459
6596064.520236433
7275101.507106721
6762659.485104829
6789336.795023024
6572386.124171734
6662083.769491196
6650945.7707237005
6602974.348324388
6624428.4051859975
7557013.6107442975
