#1
1.51938E7
1.4076E7
1.42623E7
1.3894875E7
1.3460175E7
1.43451E7
1.520415E7
1.5488775E7
1.354815E7
1.4857425E7
1.456245E7
1.452105E7
1.3263525E7
1.4453775E7
1.3667175E7
1.49247E7
1.5043725E7
1.37448E7
1.5002325E7
1.4743575E7
1.43865E7
1.4712525E7
1.4629725E7
1.43865E7
1.4733225E7
1.4267475E7
1.5882075E7
1.6130475E7
1.4143275E7
1.4484825E7
1.5747525E7
1.54008E7
1.5126525E7
1.4205375E7
1.4950575E7
1.499715E7
1.592865E7
1.37655E7
1.449E7
1.400355E7
1.49868E7
1.54215E7
1.5271425E7
1.5633675E7
1.4919525E7
1.49661E7
1.499715E7
1.402425E7
1.46349E7
1.5043725E7
1.4163975E7
1.5318E7
1.5933825E7
1.4484825E7
1.4329575E7
1.3542975E7
1.5343875E7
1.4598675E7
1.49247E7
1.429335E7
1.46349E7
1.48626E7
1.4919525E7
1.5385275E7
1.5209325E7
1.462455E7
1.54008E7
1.4546925E7
1.42209E7
1.5333525E7
1.3248E7
1.47798E7
1.4981625E7
1.410705E7
1.4339925E7
1.4598675E7
1.499715E7
1.48626E7
1.5271425E7
1.3646475E7
1.41588E7
1.447965E7
1.406565E7
1.49247E7
1.53594E7
1.5975225E7
1.462455E7
1.5318E7
1.4412375E7
1.4826375E7
1.408635E7
1.5478425E7
1.450035E7
1.522485E7
1.4132925E7
1.4826375E7
1.5116175E7
1.462455E7
1.4981625E7
1.4619375E7
#3
1.4298525E7
1.43244E7
1.44279E7
1.3791375E7
1.2735675E7
1.3946625E7
1.3180725E7
1.400355E7
1.425195E7
1.3056525E7
1.5167925E7
1.3574025E7
1.2880575E7
1.4402025E7
1.3398075E7
1.3253175E7
1.4195025E7
1.4081175E7
1.3263525E7
1.441755E7
1.2994425E7
1.371375E7
1.34343E7
1.2611475E7
1.3915575E7
1.439685E7
1.4143275E7
1.38483E7
1.4288175E7
1.3491225E7
1.3056525E7
1.3180725E7
1.4112225E7
1.3791375E7
1.5209325E7
1.5064425E7
1.41588E7
1.3884525E7
1.4536575E7
1.52559E7
1.396215E7
1.3998375E7
1.3056525E7
1.352745E7
1.48833E7
1.3832775E7
1.36206E7
1.452105E7
1.3925925E7
1.3128975E7
1.4050125E7
1.2859875E7
1.4557275E7
1.387935E7
1.3211775E7
1.371375E7
1.3455E7
1.3936275E7
1.33722E7
1.429335E7
1.377585E7
1.37241E7
1.462455E7
1.38483E7
1.3605075E7
1.4215725E7
1.4195025E7
1.32894E7
1.3325625E7
1.356885E7
1.47177E7
1.37034E7
1.24821E7
1.42416E7
1.460385E7
1.373445E7
1.398285E7
1.385865E7
1.38483E7
1.3936275E7
1.375515E7
1.3646475E7
1.3998375E7
1.340325E7
1.33515E7
1.450035E7
1.4505525E7
1.4076E7
1.3662E7
1.42623E7
1.491435E7
1.4257125E7
1.4060475E7
1.34757E7
1.3988025E7
1.3812075E7
1.5085125E7
1.454175E7
1.412775E7
1.2942675E7
#5
1.30617E7
1.23993E7
1.352745E7
1.3553325E7
1.2787425E7
1.495575E7
1.321695E7
1.34343E7
1.5136875E7
1.2834E7
1.3335975E7
1.354815E7
1.3304925E7
1.4453775E7
1.394145E7
1.4091525E7
1.242E7
1.3662E7
1.30617E7
1.3387725E7
1.394145E7
1.3760325E7
1.38069E7
1.3418775E7
1.4101875E7
1.37241E7
1.383795E7
1.3625775E7
1.4060475E7
1.29789E7
1.427265E7
1.485225E7
1.412775E7
1.31031E7
1.247175E7
1.32066E7
1.3191075E7
1.338255E7
1.3097925E7
1.367235E7
1.27512E7
1.340325E7
1.2921975E7
1.3304925E7
1.3335975E7
1.373445E7
1.42623E7
1.4288175E7
1.34136E7
1.2849525E7
1.3025475E7
1.40553E7
1.40346E7
1.3041E7
1.3087575E7
1.47798E7
1.3191075E7
1.3304925E7
1.3180725E7
1.3108275E7
1.3455E7
1.356885E7
1.3263525E7
1.3035825E7
1.423125E7
1.3408425E7
1.37862E7
1.3491225E7
1.35378E7
1.375515E7
1.2663225E7
1.350675E7
1.4339925E7
1.3501575E7
1.2942675E7
1.367235E7
1.2652875E7
1.3946625E7
1.38276E7
1.3097925E7
1.363095E7
1.24407E7
1.449E7
1.31445E7
1.367235E7
1.38069E7
1.354815E7
1.3656825E7
1.3263525E7
1.34964E7
1.4101875E7
1.2984075E7
1.404495E7
1.3563675E7
1.36206E7
1.3253175E7
1.3004775E7
1.3118625E7
1.34757E7
1.3480875E7
#7
1.38897E7
1.392075E7
1.2953025E7
1.3574025E7
1.3201425E7
1.4101875E7
1.427265E7
1.390005E7
1.2818475E7
1.3656825E7
1.31238E7
1.3201425E7
1.2756375E7
1.2694275E7
1.32687E7
1.311345E7
1.3004775E7
1.31031E7
1.40346E7
1.3367025E7
1.383795E7
1.2342375E7
1.3004775E7
1.421055E7
1.23786E7
1.4474475E7
1.2394125E7
1.2373425E7
1.34136E7
1.24407E7
1.3248E7
1.3222125E7
1.307205E7
1.46349E7
1.3884525E7
1.363095E7
1.321695E7
1.2911625E7
1.3584375E7
1.24407E7
1.4029425E7
1.226475E7
1.3201425E7
1.3201425E7
1.3248E7
1.408635E7
1.3242825E7
1.257525E7
1.3460175E7
1.37034E7
1.2476925E7
1.315485E7
1.294785E7
1.23993E7
1.19232E7
1.2808125E7
1.292715E7
1.2880575E7
1.3718925E7
1.35792E7
1.2135375E7
1.32687E7
1.3160025E7
1.3480875E7
1.373445E7
1.3884525E7
1.2683925E7
1.41174E7
1.323765E7
1.3894875E7
1.4091525E7
1.2342375E7
1.352745E7
1.363095E7
1.25856E7
1.33929E7
1.3894875E7
1.2311325E7
1.439685E7
1.4153625E7
1.3988025E7
1.2746025E7
1.336185E7
1.3139325E7
1.3035825E7
1.2735675E7
1.32687E7
1.2859875E7
1.272015E7
1.2963375E7
1.28133E7
1.4774625E7
1.3408425E7
1.348605E7
1.31652E7
1.32687E7
1.3480875E7
1.2777075E7
1.3025475E7
1.4101875E7
#10
1.4122575E7
1.2300975E7
1.2652875E7
1.4101875E7
1.3863825E7
1.321695E7
1.416915E7
1.3832775E7
1.29168E7
1.26477E7
1.300995E7
1.3749975E7
1.3480875E7
1.25028E7
1.2590775E7
1.323765E7
1.3066875E7
1.296855E7
1.261665E7
1.3698225E7
1.2994425E7
1.3946625E7
1.33722E7
1.3139325E7
1.28754E7
1.3077225E7
1.4753925E7
1.2528675E7
1.3894875E7
1.3594725E7
1.205775E7
1.3449825E7
1.356885E7
1.37655E7
1.2735675E7
1.43451E7
1.34136E7
1.25649E7
1.3662E7
1.3553325E7
1.307205E7
1.290645E7
1.3662E7
1.3542975E7
1.3998375E7
1.28133E7
1.2942675E7
1.3511925E7
1.2083625E7
1.4329575E7
1.3191075E7
1.43658E7
1.3884525E7
1.3967325E7
1.3356675E7
1.3263525E7
1.2890925E7
1.39311E7
1.3335975E7
1.3522275E7
1.3149675E7
1.253385E7
1.38483E7
1.32687E7
1.4288175E7
1.28547E7
1.4122575E7
1.2497625E7
1.3455E7
1.3170375E7
1.45314E7
1.31238E7
1.2973725E7
1.387935E7
1.3253175E7
1.42209E7
1.377585E7
1.263735E7
1.352745E7
1.2725325E7
1.3791375E7
1.3501575E7
1.31859E7
1.3491225E7
1.3263525E7
1.3636125E7
1.3035825E7
1.354815E7
1.332045E7
1.3211775E7
1.4474475E7
1.3004775E7
1.3480875E7
1.375515E7
1.305135E7
1.3315275E7
1.3781025E7
1.3739625E7
1.367235E7
1.39932E7
#15
1.3201425E7
1.2921975E7
1.31031E7
1.296855E7
1.3118625E7
1.38897E7
1.3770675E7
1.35378E7
1.3812075E7
1.30617E7
1.408635E7
1.35378E7
1.369305E7
1.3667175E7
1.33515E7
1.3884525E7
1.354815E7
1.371375E7
1.41588E7
1.31238E7
1.34136E7
1.3180725E7
1.2942675E7
1.317555E7
1.3977675E7
1.261665E7
1.34964E7
1.404495E7
1.325835E7
1.3522275E7
1.356885E7
1.39932E7
1.429335E7
1.30617E7
1.2487275E7
1.2953025E7
1.342395E7
1.40553E7
1.2507975E7
1.2953025E7
1.4319225E7
1.3455E7
1.3470525E7
1.31859E7
1.3056525E7
1.394145E7
1.37655E7
1.416915E7
1.31859E7
1.2601125E7
1.307205E7
1.3455E7
1.3046175E7
1.34757E7
1.33101E7
1.2000825E7
1.363095E7
1.4091525E7
1.375515E7
1.3408425E7
1.4526225E7
1.369305E7
1.3460175E7
1.3832775E7
1.3035825E7
1.2539025E7
1.2963375E7
1.26891E7
1.2673575E7
1.315485E7
1.247175E7
1.2777075E7
1.3108275E7
1.3315275E7
1.4526225E7
1.251315E7
1.4112225E7
1.32894E7
1.44072E7
1.3460175E7
1.3615425E7
1.32894E7
1.23993E7
1.2704625E7
1.346535E7
1.3304925E7
1.2652875E7
1.3035825E7
1.3687875E7
1.3035825E7
1.220265E7
1.3356675E7
1.2953025E7
1.2834E7
1.3563675E7
1.2746025E7
1.2787425E7
1.32894E7
1.43658E7
1.3460175E7
#20
1.4277825E7
1.3149675E7
1.2445875E7
1.34343E7
1.4060475E7
1.3662E7
1.325835E7
1.3677525E7
1.278225E7
1.33308E7
1.3480875E7
1.336185E7
1.267875E7
1.340325E7
1.33308E7
1.29789E7
1.431405E7
1.2611475E7
1.23786E7
1.30824E7
1.3408425E7
1.45521E7
1.3542975E7
1.327905E7
1.24821E7
1.25442E7
1.36206E7
1.33929E7
1.31031E7
1.3615425E7
1.33101E7
1.315485E7
1.3149675E7
1.4609025E7
1.398285E7
1.36413E7
1.356885E7
1.3087575E7
1.439685E7
1.3646475E7
1.31238E7
1.354815E7
1.3284225E7
1.28961E7
1.4288175E7
1.379655E7
1.282365E7
1.48212E7
1.4060475E7
1.3041E7
1.4360625E7
1.3232475E7
1.3584375E7
1.394145E7
1.33722E7
1.45521E7
1.3605075E7
1.3553325E7
1.2942675E7
1.2663225E7
1.3304925E7
1.340325E7
1.332045E7
1.41174E7
1.2073275E7
1.3594725E7
1.4070825E7
1.323765E7
1.344465E7
1.418985E7
1.3346325E7
1.272015E7
1.3232475E7
1.3584375E7
1.3801725E7
1.4195025E7
1.4122575E7
1.3894875E7
1.3677525E7
1.3749975E7
1.321695E7
1.3066875E7
1.3542975E7
1.3677525E7
1.418985E7
1.336185E7
1.4039775E7
1.3646475E7
1.2901275E7
1.247175E7
1.33722E7
1.3853475E7
1.3325625E7
1.34964E7
1.3149675E7
1.2518325E7
1.346535E7
1.2953025E7
1.4536575E7
1.32066E7
#30
1.3677525E7
1.3263525E7
1.290645E7
1.34136E7
1.3874175E7
1.27305E7
1.390005E7
1.406565E7
1.334115E7
1.28547E7
1.3532625E7
1.282365E7
1.3988025E7
1.31859E7
1.369305E7
1.3294575E7
1.2466575E7
1.350675E7
1.3004775E7
1.39104E7
1.32066E7
1.3273875E7
1.209915E7
1.4143275E7
1.234755E7
1.350675E7
1.3656825E7
1.3760325E7
1.2456225E7
1.3387725E7
1.309275E7
1.2725325E7
1.361025E7
1.346535E7
1.41795E7
1.3046175E7
1.24821E7
1.3646475E7
1.26684E7
1.30617E7
1.4008725E7
1.31652E7
1.3584375E7
1.3801725E7
1.32894E7
1.336185E7
1.3781025E7
1.222335E7
1.385865E7
1.31238E7
1.2911625E7
1.2942675E7
1.367235E7
1.2973725E7
1.2735675E7
1.292715E7
1.3242825E7
1.356885E7
1.313415E7
1.3998375E7
1.27305E7
1.367235E7
1.2808125E7
1.381725E7
1.3729275E7
1.3615425E7
1.27926E7
1.3335975E7
1.365165E7
1.31031E7
1.346535E7
1.45314E7
1.4019075E7
1.2921975E7
1.433475E7
1.3667175E7
1.29996E7
1.410705E7
1.34757E7
1.274085E7
1.25442E7
1.4029425E7
1.3636125E7
1.375515E7
1.3242825E7
1.2766725E7
1.294785E7
1.2787425E7
1.2839175E7
1.2383775E7
1.37655E7
1.3242825E7
1.28961E7
1.433475E7
1.3480875E7
1.4246775E7
1.3584375E7
1.3656825E7
1.2642525E7
1.373445E7
