#1
1.7879625E7
1.7175825E7
1.7030925E7
1.6948125E7
1.6140825E7
1.60218E7
1.6254675E7
1.6979175E7
1.8469575E7
1.57527E7
1.737765E7
1.6958475E7
1.6710075E7
1.563885E7
1.66014E7
1.6596225E7
1.638405E7
1.545255E7
1.6761825E7
1.634265E7
1.6306425E7
1.574235E7
1.895085E7
1.60218E7
1.592865E7
1.57113E7
1.6037325E7
1.5281775E7
1.6109775E7
1.5840675E7
1.681875E7
1.6927425E7
1.6534125E7
1.78227E7
1.6606575E7
1.597005E7
1.7475975E7
1.61667E7
1.64151E7
1.6461675E7
1.5819975E7
1.6999875E7
1.6823925E7
1.613565E7
1.74915E7
1.6679025E7
1.607355E7
1.5985575E7
1.5416325E7
1.6099425E7
1.429335E7
1.6937775E7
1.6192575E7
1.7227575E7
1.40553E7
1.6958475E7
1.5861375E7
1.6782525E7
1.5664725E7
1.72638E7
1.588725E7
1.5939E7
1.6306425E7
1.5623325E7
1.5726825E7
1.549395E7
1.68705E7
1.6523775E7
1.5995925E7
1.7424225E7
1.6140825E7
1.5737175E7
1.67256E7
1.6503075E7
1.659105E7
1.73673E7
1.6616925E7
1.7103375E7
1.5975225E7
1.640475E7
1.5644025E7
1.656E7
1.5592275E7
1.708785E7
1.6285725E7
1.5716475E7
1.5385275E7
1.65393E7
1.7403525E7
1.7952075E7
1.52559E7
1.582515E7
1.7051625E7
1.6430625E7
1.78848E7
1.5540525E7
1.677735E7
1.739835E7
1.6844625E7
1.5095475E7
#3
1.52145E7
1.44279E7
1.4671125E7
1.5695775E7
1.49247E7
1.5157575E7
1.5788925E7
1.61667E7
1.4495175E7
1.5612975E7
1.55871E7
1.445895E7
1.518345E7
1.499715E7
1.489365E7
1.5985575E7
1.50282E7
1.479015E7
1.510065E7
1.514205E7
1.5612975E7
1.528695E7
1.45935E7
1.5178275E7
1.487295E7
1.584585E7
1.6389225E7
1.5312825E7
1.5913125E7
1.56906E7
1.3853475E7
1.58355E7
1.5074775E7
1.3449825E7
1.61253E7
1.48833E7
1.4857425E7
1.435545E7
1.449E7
1.5788925E7
1.5602625E7
1.69119E7
1.590795E7
1.5105825E7
1.580445E7
1.5985575E7
1.4195025E7
1.439685E7
1.458315E7
1.50075E7
1.4764275E7
1.522485E7
1.487295E7
1.5571575E7
1.6078725E7
1.4940225E7
1.53801E7
1.501785E7
1.5312825E7
1.50489E7
1.4236425E7
1.520415E7
1.44486E7
1.5240375E7
1.539045E7
1.541115E7
1.3781025E7
1.4008725E7
1.6627275E7
1.5747525E7
1.460385E7
1.5457725E7
1.652895E7
1.4236425E7
1.516275E7
1.543185E7
1.657035E7
1.491435E7
1.5033375E7
1.5240375E7
1.5550875E7
1.51731E7
1.6347825E7
1.4536575E7
1.68498E7
1.6440975E7
1.4515875E7
1.4888475E7
1.665315E7
1.518345E7
1.5374925E7
1.4205375E7
1.4722875E7
1.4536575E7
1.559745E7
1.50282E7
1.5095475E7
1.4722875E7
1.4660775E7
1.491435E7
#5
1.3242825E7
1.4660775E7
1.3439475E7
1.5033375E7
1.4598675E7
1.319625E7
1.46556E7
1.4060475E7
1.3708575E7
1.4546925E7
1.4971275E7
1.40967E7
1.365165E7
1.45935E7
1.43865E7
1.464525E7
1.431405E7
1.404495E7
1.383795E7
1.3822425E7
1.3869E7
1.43451E7
1.5281775E7
1.462455E7
1.441755E7
1.375515E7
1.421055E7
1.37448E7
1.4174325E7
1.433475E7
1.3636125E7
1.4619375E7
1.3625775E7
1.43244E7
1.38069E7
1.272015E7
1.37862E7
1.45314E7
1.3905225E7
1.418985E7
1.4319225E7
1.5457725E7
1.493505E7
1.4722875E7
1.3191075E7
1.38897E7
1.3662E7
1.468665E7
1.46349E7
1.4008725E7
1.4774625E7
1.363095E7
1.400355E7
1.4867775E7
1.4329575E7
1.447965E7
1.427265E7
1.3781025E7
1.5023025E7
1.3781025E7
1.4991975E7
1.4691825E7
1.4640075E7
1.400355E7
1.5085125E7
1.40967E7
1.5012675E7
1.365165E7
1.4267475E7
1.38069E7
1.4101875E7
1.5318E7
1.4909175E7
1.4950575E7
1.5540525E7
1.3418775E7
1.35999E7
1.468665E7
1.4697E7
1.3605075E7
1.4609025E7
1.356885E7
1.4008725E7
1.431405E7
1.3749975E7
1.367235E7
1.4019075E7
1.3894875E7
1.4132925E7
1.4339925E7
1.5033375E7
1.3532625E7
1.3542975E7
1.4029425E7
1.51524E7
1.466595E7
1.4857425E7
1.5219675E7
1.371375E7
1.37241E7
#7
1.4598675E7
1.4283E7
1.3398075E7
1.45107E7
1.3294575E7
1.3594725E7
1.431405E7
1.3770675E7
1.3760325E7
1.400355E7
1.4795325E7
1.34136E7
1.4143275E7
1.4795325E7
1.406565E7
1.3398075E7
1.4267475E7
1.3180725E7
1.4060475E7
1.4288175E7
1.414845E7
1.2942675E7
1.3439475E7
1.32273E7
1.377585E7
1.45107E7
1.3749975E7
1.44072E7
1.3315275E7
1.2942675E7
1.43658E7
1.41588E7
1.37448E7
1.4464125E7
1.445895E7
1.43451E7
1.332045E7
1.489365E7
1.305135E7
1.4081175E7
1.2921975E7
1.46349E7
1.48626E7
1.3429125E7
1.33308E7
1.412775E7
1.4029425E7
1.4609025E7
1.321695E7
1.466595E7
1.3946625E7
1.4039775E7
1.379655E7
1.43037E7
1.429335E7
1.5111E7
1.3315275E7
1.4857425E7
1.3532625E7
1.3160025E7
1.3801725E7
1.36206E7
1.3097925E7
1.45935E7
1.286505E7
1.416915E7
1.4153625E7
1.406565E7
1.3869E7
1.4546925E7
1.31031E7
1.4101875E7
1.48833E7
1.439685E7
1.40967E7
1.4557275E7
1.3915575E7
1.4091525E7
1.2973725E7
1.470735E7
1.4132925E7
1.429335E7
1.33722E7
1.487295E7
1.35999E7
1.4691825E7
1.44279E7
1.4702175E7
1.402425E7
1.3304925E7
1.38483E7
1.358955E7
1.34136E7
1.4112225E7
1.41174E7
1.460385E7
1.4101875E7
1.3294575E7
1.39725E7
1.43865E7
#10
1.410705E7
1.311345E7
1.44693E7
1.43244E7
1.31031E7
1.2756375E7
1.363095E7
1.3662E7
1.367235E7
1.454175E7
1.3636125E7
1.3553325E7
1.34757E7
1.4070825E7
1.4360625E7
1.450035E7
1.29375E7
1.3625775E7
1.2818475E7
1.2963375E7
1.28961E7
1.44279E7
1.361025E7
1.3936275E7
1.4288175E7
1.4174325E7
1.3925925E7
1.32687E7
1.3677525E7
1.3729275E7
1.3087575E7
1.4029425E7
1.35585E7
1.3455E7
1.423125E7
1.4629725E7
1.2714975E7
1.373445E7
1.2921975E7
1.367235E7
1.4050125E7
1.3843125E7
1.373445E7
1.47177E7
1.37034E7
1.3170375E7
1.2859875E7
1.3149675E7
1.2932325E7
1.25442E7
1.31238E7
1.31031E7
1.4816025E7
1.36206E7
1.400355E7
1.4081175E7
1.3232475E7
1.3646475E7
1.3284225E7
1.40139E7
1.3439475E7
1.4484825E7
1.3377375E7
1.416915E7
1.398285E7
1.4484825E7
1.3760325E7
1.4143275E7
1.4867775E7
1.371375E7
1.375515E7
1.309275E7
1.466595E7
1.392075E7
1.2642525E7
1.346535E7
1.3698225E7
1.4195025E7
1.48833E7
1.2901275E7
1.2901275E7
1.3662E7
1.4598675E7
1.4060475E7
1.3201425E7
1.2104325E7
1.32687E7
1.45314E7
1.29996E7
1.39725E7
1.38276E7
1.381725E7
1.3998375E7
1.317555E7
1.276155E7
1.371375E7
1.3956975E7
1.3066875E7
1.4091525E7
1.3315275E7
#15
1.3760325E7
1.303065E7
1.31859E7
1.3739625E7
1.3263525E7
1.373445E7
1.3046175E7
1.282365E7
1.3025475E7
1.149885E7
1.38897E7
1.3325625E7
1.3408425E7
1.336185E7
1.3294575E7
1.363095E7
1.4433075E7
1.4453775E7
1.33101E7
1.4246775E7
1.40967E7
1.375515E7
1.392075E7
1.3574025E7
1.4267475E7
1.33929E7
1.34343E7
1.32066E7
1.3574025E7
1.4153625E7
1.4697E7
1.269945E7
1.340325E7
1.319625E7
1.3605075E7
1.33515E7
1.3915575E7
1.26684E7
1.33101E7
1.311345E7
1.3139325E7
1.414845E7
1.3377375E7
1.3346325E7
1.3636125E7
1.28754E7
1.3377375E7
1.28754E7
1.3925925E7
1.334115E7
1.3491225E7
1.332045E7
1.4433075E7
1.402425E7
1.36206E7
1.2756375E7
1.4277825E7
1.2518325E7
1.3749975E7
1.3946625E7
1.3708575E7
1.2777075E7
1.3108275E7
1.3149675E7
1.3356675E7
1.4112225E7
1.404495E7
1.2627E7
1.43451E7
1.2834E7
1.3398075E7
1.33101E7
1.300995E7
1.4288175E7
1.3491225E7
1.3004775E7
1.33722E7
1.4029425E7
1.2228525E7
1.3739625E7
1.41174E7
1.42002E7
1.3532625E7
1.29375E7
1.3574025E7
1.3294575E7
1.3749975E7
1.3248E7
1.32066E7
1.2787425E7
1.37241E7
1.294785E7
1.323765E7
1.3501575E7
1.288575E7
1.3294575E7
1.31859E7
1.3687875E7
1.402425E7
1.2808125E7
#20
1.3594725E7
1.3294575E7
1.3356675E7
1.3584375E7
1.315485E7
1.404495E7
1.34964E7
1.3160025E7
1.4060475E7
1.365165E7
1.365165E7
1.311345E7
1.4019075E7
1.4122575E7
1.37448E7
1.342395E7
1.4019075E7
1.3201425E7
1.307205E7
1.3149675E7
1.3315275E7
1.2011175E7
1.2921975E7
1.3936275E7
1.3180725E7
1.2663225E7
1.33101E7
1.2973725E7
1.2694275E7
1.3439475E7
1.3946625E7
1.2683925E7
1.37034E7
1.4536575E7
1.4101875E7
1.290645E7
1.3408425E7
1.367235E7
1.350675E7
1.3248E7
1.33308E7
1.2756375E7
1.402425E7
1.3201425E7
1.3398075E7
1.3377375E7
1.332045E7
1.3263525E7
1.303065E7
1.32273E7
1.4308875E7
1.334115E7
1.263735E7
1.315485E7
1.3843125E7
1.2787425E7
1.404495E7
1.29582E7
1.3315275E7
1.3128975E7
1.2797775E7
1.2321675E7
1.3315275E7
1.398285E7
1.29789E7
1.2994425E7
1.3460175E7
1.338255E7
1.2394125E7
1.3553325E7
1.3248E7
1.2673575E7
1.2683925E7
1.1762775E7
1.363095E7
1.43658E7
1.3781025E7
1.4153625E7
1.356885E7
1.29789E7
1.3480875E7
1.334115E7
1.3253175E7
1.39518E7
1.3108275E7
1.29375E7
1.344465E7
1.468665E7
1.3636125E7
1.3718925E7
1.1876625E7
1.39725E7
1.3253175E7
1.31445E7
1.4546925E7
1.35585E7
1.2549375E7
1.29375E7
1.3377375E7
1.29168E7
#30
1.33101E7
1.4163975E7
1.3418775E7
1.410705E7
1.3988025E7
1.3998375E7
1.3863825E7
1.4101875E7
1.290645E7
1.251315E7
1.31238E7
1.280295E7
1.429335E7
1.3869E7
1.39104E7
1.33515E7
1.2539025E7
1.4060475E7
1.325835E7
1.2673575E7
1.3232475E7
1.30824E7
1.3056525E7
1.4039775E7
1.33101E7
1.2880575E7
1.3532625E7
1.3387725E7
1.4267475E7
1.385865E7
1.390005E7
1.4091525E7
1.33929E7
1.3553325E7
1.394145E7
1.18404E7
1.3387725E7
1.33308E7
1.28133E7
1.338255E7
1.3118625E7
1.1897325E7
1.3253175E7
1.3325625E7
1.4878125E7
1.2507975E7
1.385865E7
1.31652E7
1.3429125E7
1.4163975E7
1.3242825E7
1.3791375E7
1.3015125E7
1.2973725E7
1.358955E7
1.323765E7
1.344465E7
1.36206E7
1.251315E7
1.2300975E7
1.3863825E7
1.2797775E7
1.3511925E7
1.3915575E7
1.4008725E7
1.34343E7
1.398285E7
1.3605075E7
1.3439475E7
1.3749975E7
1.2839175E7
1.315485E7
1.4163975E7
1.2834E7
1.34343E7
1.2332025E7
1.3455E7
1.3439475E7
1.4629725E7
1.31652E7
1.346535E7
1.35171E7
1.3398075E7
1.31859E7
1.3739625E7
1.34343E7
1.29375E7
1.3460175E7
1.400355E7
1.30617E7
1.25649E7
1.3832775E7
1.3128975E7
1.354815E7
1.4008725E7
1.296855E7
1.272015E7
1.4112225E7
1.342395E7
1.29996E7
