#1
2412360.9627263546
3184215.4978111982
3040500.2679401636
3082793.3589720726
2424913.1458672285
2755190.160975337
3207001.1925941706
2787551.0093722343
3470812.28811872
3226783.6317801476
2929879.773388624
3143662.04579401
2792251.4105415344
2846071.854369879
3571894.8048745394
3210012.3679829836
3026545.7056281567
2973088.203921318
3078534.8736210465
3068943.7019519806
3217290.223964095
2476983.6080195904
3305458.1111061573
3173744.246996999
3140459.625817895
3247951.0053094625
2846267.255868852
2975197.596068144
2623913.525972128
3044012.0184929967
3350620.2307777405
2820506.222022772
2931174.0697470903
3001771.4900894165
3263935.057661891
2817740.436749339
2948331.0275069475
3556371.829172015
2892040.2527822256
2739091.711114526
3530438.859356761
2934629.341958642
2788171.8610675335
3185705.00466156
3474530.1129022837
2727962.1543638706
3242624.5058391094
3128108.368353367
3042327.836256802
2893083.76697731
3242668.5002188683
3129822.257773161
2893758.2765471935
3044876.645546794
2937684.048453927
2534061.3082398176
3028305.6270997524
3125784.8604433537
3175343.047157049
2562223.9315695763
3042274.8802632093
3015716.5131025314
2753798.5498359203
2852052.1505241394
3128886.1701979637
2806262.1316241026
3187467.5113481283
2633211.5658613443
2785498.7541407347
2807382.9032160044
2953095.8922632933
3367303.417202711
2844846.755701661
3054682.7463229895
3229890.9122918844
2796533.793689847
2769506.6893122196
2568325.198548138
3148375.7014306784
3066136.440468192
2469874.969972372
3689381.1224309206
2702947.3135843277
2641820.9859137535
3094204.8020950556
3246538.3231072426
2709949.003831029
2933735.0126935244
3201229.9996522665
2923982.181460619
3696475.591530919
3051825.636890173
3764785.36818552
3381932.8929373026
3235754.7962887287
2793172.4592057467
2973490.330464363
3141306.202227831
3099563.2404016256
3346066.1543058157
#3
2861531.77098763
3156324.5556396246
3276911.057932377
3178297.598725319
3532766.8682774305
3193081.5575938225
2876865.09165287
3251488.9177862406
3345965.504815936
2843624.0911552906
2852755.1547941566
2862658.3158273697
2431096.3507118225
3106755.399708152
2968293.1271038055
3116610.962051511
3434010.8691040277
3001340.0830287337
3046146.115871072
2163201.3210021257
2995822.0135273933
3225009.0545098186
3240530.8115844727
2742891.4973917007
2616882.704733968
2620086.3013511896
2706836.0717504025
3178927.694701731
3456663.6712278128
3627191.3209240437
2857560.86901927
2332961.196682155
3278226.994463682
2710609.6856532097
2903043.2650305033
2925905.2392629385
2712771.804710984
2499969.665340543
3334903.5914433002
3041572.8425771
3413386.042684078
2684216.1500866413
2873320.2699290514
2569967.8411188126
3112918.621493697
2801347.0039526224
3183136.6989666224
2883944.086403489
2920932.70155859
3140868.745384097
3454305.2341554165
3066657.18049407
3181551.274533391
2670334.193240404
3271336.9660835266
3662298.9459786415
3346480.656493664
3321807.738321662
3088817.2492808104
3186859.5385712385
2793872.34341383
3272060.315426588
2576436.356274247
3307398.3585090637
2936383.090425968
2449916.026514232
3297038.138637185
3068155.4795429707
3320208.989068866
2784228.58505702
2990275.9421984553
2845180.600687623
2951501.5965932608
3421422.317973733
2623749.7301419973
2886962.25427258
3313210.9713252783
2885828.493730545
3116909.069528103
3122882.052064419
2787730.563847661
2836453.324320674
3113817.4615906477
2914176.624402523
3493710.086499095
3267489.6137509346
3014906.0792144537
3467787.3490789533
2676815.7586666346
3033732.8454498053
3097273.078519821
3138021.064009309
2826442.077970147
3108449.1606019735
2754531.179154396
3012495.7098087072
2892471.8939595222
2827715.106422782
2531397.1350796223
2873852.4072328806
#5
3633445.1897506714
3021817.5627690554
3049086.7666250467
2807386.2416140437
3375543.7877190113
3235028.316309929
3095911.5681266785
3057464.6040011644
2671870.043631792
3167754.9586672783
3167981.5868314505
3641291.2072838545
3122589.0563127995
3478706.537301779
2993593.0805615187
2278327.0623697042
3508507.468127489
2603232.120494485
2904558.569150448
2695337.549190402
2769859.2172111273
2946398.5776740313
3584996.451133132
2582759.8429301977
2682388.907756567
2723936.7234960794
2857361.330904901
3124090.9064326286
3637770.698499441
3180200.53106153
2286524.107432008
3039313.4974991083
3248693.216234386
2880635.5064184666
2815446.0588930845
2926889.5872112513
2904937.020686388
2754164.0140627027
2801748.8547871113
3292382.545426011
2678091.3287558556
3587182.5379579067
2411642.302933395
2989756.0976393223
3036550.089814067
2504686.0930906534
3172016.2044228315
2695645.1420481205
3036971.6973763704
2982063.3569380045
3356234.900816202
2532557.27056396
3058454.911923051
3072427.1507982016
3311308.4309231043
3479222.191660881
2732026.4905639887
3149920.950206816
3238538.7054083347
2760953.4207755327
3325790.3355098963
3756891.9956041574
2949246.2968776226
3039728.1914219856
2676660.5211898685
3294836.8615368605
3295166.897436261
2754591.7304091454
2902734.660048723
2753100.9764914513
2611803.805217743
2175941.6236714125
2936412.037184
2855086.6588321924
2918064.619305253
3146128.7997339964
3198705.295539379
3136403.695187688
3124140.0086631775
2361590.389944434
3580273.966850996
3400542.7049167156
3085355.2251091003
2895762.1121692657
3346204.3178522587
3241517.6840440035
3110580.046097517
2852795.1145334244
2505197.7983003855
2949914.7033019066
2364961.7717142105
2841050.8847919703
3077583.0204541683
2851024.1038677692
3262523.330754161
3056574.151460409
3329895.144926548
2810162.2511394024
2885686.989503503
3274809.7185333967
#7
3301198.3535302877
3619783.453269124
3050625.283687949
2501993.9678503275
2740493.2760903835
2775183.1740578413
3450040.181682229
2759144.163931489
2981168.453750968
3414918.2544282675
2963920.9747375846
2772796.1436663866
2830871.4228844643
3146007.55205369
3341672.1791249514
2618849.3974807262
3397086.6773382425
2716489.4905421734
2663295.6319280863
3258770.027908087
2995056.4312251806
2976169.2215952873
3035879.087662697
2456968.15695405
3239910.4193376303
2903090.8664841056
2505070.5910413265
3551263.314095378
2689118.792279005
3501240.6226969957
2618465.328799367
3034331.916736722
2842979.496494293
3277087.6100889444
2985222.3660060167
3352705.7343685627
2894085.035258174
2772884.0506979227
3002151.290852666
3247336.334243417
2908933.191776991
2640954.855566025
1959511.2657852173
3177783.8774353266
3032317.067750931
3524803.470658064
2733492.5499722958
2879675.8184326887
2951508.2077379823
3417567.1792988777
2618800.0525585413
3598378.338593602
3172187.9468432665
3478975.1522541046
3036430.9037418365
2948274.097033739
2901747.0454981327
2741185.5190776587
2771304.498439908
3132293.7171918154
3136128.840111494
2878624.3411141634
3490542.788567841
3763507.683212042
2304719.0638833046
2887006.9517548084
2892395.0126051903
3066175.1068103313
3400029.118088007
3447775.0389021635
2768255.5666977167
3433341.5783296824
3403866.1340271235
2398522.6838724017
3260409.2148188353
3362993.3290582895
2993493.7631242275
3059862.3164767027
3557901.258636117
3001556.306384325
2401853.271250963
2732257.686586976
2716472.690136552
3370524.3791406155
2943544.808995843
3109241.5124702454
2753353.513610244
3117532.9807419777
3039291.762643218
2900753.354106903
2814248.0802687407
2055142.4272677898
2611024.941328883
2519129.729339719
2863696.7786557674
2695230.4268295765
2529334.804332733
2606485.3672183156
3134542.1965692043
2777979.991090536
#10
2867257.0766043663
2613794.488001883
3146624.5921701193
2648783.936430931
3073939.9503700733
2954179.5483459234
3181478.199501872
3056307.269057393
2238996.875668645
3124141.434461117
3186944.621126175
2307458.6601998806
3235358.1873221397
2913679.4250952005
3186415.089197874
3605992.237110615
3003091.3992496133
3441395.412303686
2979120.199587822
3254591.5591739416
3100876.6325819492
2554873.5489388704
2207649.1684173346
3211344.398769915
2826756.7824947834
3039550.217835188
3009523.9093919992
3347794.4523046017
3382753.0806108713
2334802.6360040903
3111041.532769203
3375705.2649371624
2360434.384190798
3407350.519364476
3354806.541178465
3174397.797004044
2663574.154843569
2078178.108624816
3495050.5756756067
3058119.3140051365
2448960.271749258
2788848.208826065
2925238.7319284678
2990913.0266575813
2712827.4120891094
2928561.3902739286
3458876.4685435295
3359377.671358466
2983030.74909389
3234529.0616129637
2627971.6395932436
3176399.4701905847
2634185.56004405
2156846.887991667
3084369.500098586
2470366.183099866
3732535.232036233
2659638.0715863705
2940927.657259941
3429845.9277573824
2793157.8233454823
3092477.2990193367
3214921.376814723
2553975.2934486866
2905951.390836239
3020448.724075556
3775522.60204947
2809453.9949952364
3244510.7060984373
2567778.1338579655
2978486.7232142687
3066277.551700115
3186699.284977913
2999876.024265647
3121224.2448815703
2850079.7278364897
3022139.1898289323
3386403.4493837357
3607432.3387545347
3200780.657432914
3134287.1746680737
2950101.189023316
3541071.4846862555
2541167.6340909004
2958205.518884897
2820481.558778286
2906909.0116124153
3296009.012811184
3033205.1137826443
2364033.633813858
3207751.0672323704
2531377.1929585934
3119465.7487267256
3096909.1229293942
2892764.603416443
3079381.0378500223
3482612.1355776787
3391893.4558478594
2899572.958152294
2564132.560471952
#15
2920887.0380476713
3479825.3800935745
2383279.451909423
3200779.4893051386
2752444.5377629995
3181338.270364523
3110328.775466323
3007609.750488639
2962874.3443300724
3115477.351590872
3049837.629994154
3099562.390030861
3022040.6765066385
2893776.3704733253
3445350.4177601337
2857967.818623662
2928670.1840361357
3336267.466889262
2403883.318421066
3134132.188013792
3355462.2707340717
2789789.5505332947
2875616.192547798
2967012.415110469
3174500.4472378492
3019195.582431972
2870459.6377043724
2599586.1718432903
2907737.772951007
2797316.4176334143
2584607.549976468
3469930.268439889
3491324.8660912514
2424688.5840489864
2455986.491815567
3052544.1560651064
2609663.389109373
2513593.4498595
2830337.490822315
2927524.2168080807
3212186.4200416803
2356760.8305319548
3153641.166261792
3021957.0226614475
2598633.8306774497
2972177.9826847315
3028845.098774314
3072730.2562912703
3147801.603421569
3333149.093605399
3315218.470246196
2788293.377028823
2901097.259370625
3216133.207838416
3061197.442180395
2966642.6940329075
2903734.0176172256
3052701.4367290735
3160879.643618703
3227178.1212973595
2999130.8248776197
3322421.5090720654
3175043.490736127
2806195.6963495016
2906147.8057301044
2720540.3633898497
2826143.707246542
2953977.6646853685
2848860.210681081
3080233.941096425
3180290.0499504805
2601869.2118421793
3485716.460211396
3076155.7657728195
3071620.50146842
2799511.817709625
2964984.124857545
2737440.403761506
3466620.823377013
2950539.4367061853
2812333.732443452
2672513.7666757107
2850090.951343775
2588095.9622923136
3322816.4559155703
2852766.073067665
2980403.3270230293
3172591.538000107
3145581.675758958
3343259.432517886
2786926.523965001
3062940.248870015
2421055.938551545
2692493.6112878323
3384015.6943227053
2955488.228483677
3115979.320288539
2923129.981588125
2631265.3778557777
2805860.799806714
#20
2179867.8556222916
2864381.5725027323
2459937.6467785835
3250868.1808111668
2986084.2952344418
2663590.1984016895
2378771.8336864114
2683715.3241741657
3275215.195528865
3052936.1223789454
2953480.7430360317
3139667.063657999
3087494.376432538
2768665.3386565447
3276011.574276924
3056407.313163042
3146812.5024433136
2640925.962602377
3175820.442209959
3489291.476599574
3246085.5776034594
3301889.2528671026
2405782.553614855
2395702.8980072737
2963466.195102811
3047908.0004428625
3462916.1100738645
3200541.540705085
2821321.905477762
2660164.7431340218
3335275.241345644
3357230.7503739595
2569848.70210433
2179059.97726357
2874172.4831390977
3287382.1705344915
2866940.1000072956
2821892.304839194
3023545.263354063
3106066.7122582197
2801889.6202543974
3637172.4921176434
2564088.101893544
2982338.837953806
2987824.060197115
3404480.432801485
3124264.0119608045
2148646.293190956
3569312.1513290405
3071877.8696683645
3236853.5960826874
2812171.0543273687
2841383.4056464434
2959183.195120454
3354481.95420599
2366836.4738434553
3122887.7736153603
2992581.6139018536
2884092.590809822
2685291.711323619
2920170.1304340363
2655216.8738315105
2523706.607461989
3371551.129253626
3219701.1087595224
2898168.1812815666
2264278.7685256004
3108314.1965628862
2814274.4929658175
2612225.445994377
2763363.133494973
2649770.751295924
3044635.737947166
2440712.050954342
2634026.459550619
3045662.1905007362
3253115.6782189608
2929622.496540427
2740016.74589324
2832841.675388217
2749727.3576402664
2968229.7422668934
3109207.7328790426
2962352.503024578
3135806.728050828
2544919.774805546
3196485.4094563723
3036021.154213786
3571573.392190218
2934678.170109272
3326096.7574020624
2859972.8629660606
2677369.387468457
2982685.323830366
2702538.3945379257
3456693.25736171
2790182.8602508307
2662444.2946658134
3067563.9025046825
3350565.920239091
#30
3565356.8386770487
3245010.8927214146
3587250.632690549
3105892.1471625566
3247276.800849974
3136023.426758766
3043305.793642044
2913074.322149992
3317812.513666749
3135047.5671447515
3143548.9890983105
3403492.996105492
3067707.9031612873
2643441.7169337273
3143782.8184304237
2349912.661881566
2799336.6757432222
2849563.7355104685
2982240.9246363044
2817504.322488427
2825773.867771983
2740539.5558184385
2731070.8378232718
2789010.9496816993
3136072.7364925146
3304338.939378977
3101224.6432578564
2656636.9059011936
2302126.7762078047
2750964.330974579
2910231.8390153646
2463088.4099571705
3424841.9892840385
2309532.932140231
2849816.6010217667
2242756.6156049967
3312931.5161629915
2545035.3185044527
3209876.9353898764
2723554.0616859198
2788735.5332068205
3430243.826678753
3278077.7984540462
2574171.80708313
2796296.017157793
3515134.6899422407
2290909.498065591
3430216.1612141132
2734270.7019985914
2929308.0396180153
2575011.073379159
3399105.524752021
2726576.3623702526
2808978.9366173744
3259157.2638942003
3235688.0201847553
2306198.101458192
2952849.6365271807
2732742.5212551355
3317058.288272023
2323408.241394818
3497692.301204324
3260340.2625346184
3149436.158956647
3100626.5269693136
2502014.6615504622
3301615.619392276
3343211.974964261
3382227.238829255
2752506.9517593384
2522765.1892211437
3018005.761170745
2952422.7289102077
2958144.5577070713
3414335.8361059427
2055756.8987517357
3152788.1002750397
2460346.902977586
3879334.756226778
3252489.523705244
2930482.060345888
3618381.8952026367
3447850.4879316688
3207017.0160394907
2222006.1063798666
3331268.1744493246
2792755.683958411
3458060.5371655226
2982714.735255897
3080976.8496826887
2249787.12671113
2703852.695399165
3033001.6977717876
2814458.722716093
2914696.3063200116
3032495.2044728994
3212076.8484324217
2260541.857297182
2555990.8129148483
2775528.781605363
