#1
2849874.166614175
2899245.7468281984
3298474.3470236063
3595615.9447106123
3332203.9339034557
2518636.219414115
2924008.8303841352
3293229.7762767076
2875795.7084047794
3517139.311850667
3391034.47030735
3049139.693636298
3184644.589060664
3200039.7353646755
2334375.807585776
2690353.373095751
2670892.6949620843
3428227.590686202
3581767.378359318
3210754.7155530453
3275312.6275470257
2807239.866219163
2927138.227099657
2373209.3612394333
3637991.7892473936
2198397.414647341
3042604.426362276
3188820.8798872232
2944499.2085494995
3354732.575726509
3152498.8389517665
2326730.6338158846
2701807.500705242
3195799.2300338745
2550866.58143878
3123195.292666197
2938139.5982244015
2988863.196763158
3369625.4659030437
2842475.408026457
2782013.4510415792
3337917.4928748608
2937059.63246119
2920075.870409131
3576148.8191102743
2902850.002697289
3356236.584407687
2766711.9093099833
3091985.6496391296
3306512.116464615
3058305.4105439186
2597585.175293863
3433628.8514199257
2664763.586798787
3198945.4899315834
2505651.120218396
2884218.059313476
3704657.1503498554
3420294.9983468056
2926448.64982152
2986891.156139016
3262553.36174047
3236637.566497922
3153609.6063551903
2882832.7734189034
3490654.0886918306
3077373.9939358234
2246083.5388333797
2952310.565003872
3017352.633363247
3175781.30107069
3044994.627266407
2449870.563856244
2707228.2271095514
3257447.5301645994
2774401.7640906572
2685171.881594181
3344374.0989900827
2841595.1602556705
3129662.2255017757
2653767.664033413
3315913.984080076
2333027.539506912
3585304.9836158752
3080297.681149006
3275777.0894429684
3168688.012732744
2747252.626869142
2922975.9597040415
3102558.4278280735
3781263.473095894
3304796.750783801
3018867.780554116
3093059.2660363913
3466780.4862931967
3400705.4456613064
2803790.6049871445
2399426.5179265738
3061128.2484630346
3116249.1539797783
#3
2644006.2997773886
3330105.889213085
2952420.99359715
3397642.639755249
2695743.7074127793
3008739.7314323187
2897168.6179618835
3145460.5987154245
3367466.221217394
3088713.6067997217
3276813.802103162
3021884.2441159487
3017451.8535017967
3433001.491282761
2571102.386441946
2812967.3556904793
3118292.7601724267
3180906.577120185
2881155.133912325
2982592.5485304594
3180120.4921495914
2970305.4795119762
3427939.503918886
2486620.7741707563
3078798.3077670336
2874462.521273017
3151530.0343848467
3054023.194577694
3289577.166622281
2710903.1549681425
2870705.7377575636
2812139.6498816013
2585508.2801933885
2533264.732105851
2856685.7934798
2233786.704604268
3166874.277641952
3036757.4211924076
3358707.5831934214
2717774.8202158213
2374983.153666973
3065119.100300789
2779617.521479726
2833397.31859231
4085002.120980978
3093014.800067425
3263383.0592740774
3102701.2999130487
3251417.916750312
2762247.866598487
3596796.1455248594
2885391.704035878
3705615.1495867968
3034290.348890841
3304197.0150868893
3247085.370338917
3361978.055064082
2926579.5355306864
3525774.60520041
2783535.7575370073
3403163.493004918
3542011.9051276445
3245596.3422338963
2976468.257444501
2478814.7177710533
3566469.714709282
3051200.920956731
3020571.2878181934
2726563.4164556265
3306036.072391033
3092219.987648964
2804531.277355671
2590964.2179214954
2941556.2274252772
3288818.254009366
3707586.66460526
3036360.410248518
3041907.8860673904
2788142.9249203205
2782017.696726322
3234482.348025799
2439638.387005806
3269416.5559766293
3562141.2308843136
3277507.7109766603
2790530.3562033176
3275380.344805956
3395458.3151777387
3233874.806763768
3388791.405087948
2792605.719996929
2678294.692860067
3179826.652418375
2037864.6612142324
3391169.4379985332
2703741.232769251
3677356.86079216
2185318.0495784283
3321223.1897417307
2506197.6142315865
#5
3462835.9380455017
3404224.2902498245
2390742.0692181587
2938077.233087182
2871114.8085386753
3178506.4580985904
3331371.355014324
2978412.5192656517
2567280.4737573266
2736585.1359434724
2703390.098687768
3391531.7989679575
3071006.099497676
2896396.172409296
2747278.6860655546
3236998.736020446
3238179.6945211887
3228690.9342437983
2938343.6797310114
3253670.9002352357
3216500.926716149
2226719.260297537
3048903.275461793
2865355.2031291723
3108807.5296826363
3633773.471903801
2796424.7682046294
3095882.8537455797
3010712.2316776514
2469356.139005542
2768277.7713167667
2890847.345487714
2717459.6194379926
3298591.7497626543
2917875.3563500643
3007082.1454850435
3466069.264400482
2412331.6818755865
3618761.509585619
2894447.194498658
3478664.9755386114
3149940.432546258
3352051.3153477907
3125840.8001868725
2446604.143048167
2982554.1686804295
2677886.377927065
3070593.9078526497
2735756.1930981874
3199814.0706135035
2702992.9725301266
2744033.534471154
3589116.276240349
2907395.9737250805
2726129.3254623413
2438509.3136326075
2917225.5055088997
3073672.760450721
3024875.072408259
3566126.428537488
2802375.818264723
2963452.032818198
3007259.3166718483
3154626.0266139507
3189922.525650859
3291377.1376672983
2747646.9085253477
3254853.046197653
2426183.2300890684
2381716.641549468
3089888.448854327
2756479.050405979
3011716.4442880154
3397565.9383159876
2578417.501499176
3248868.3767080307
3532662.954233408
2815233.5177754164
3030322.6641350985
2912673.7221336365
3114481.2480397224
3075138.87306118
3163815.1075576544
3009097.6593003273
2596818.3588053584
3699808.2733740807
2935782.1333497763
3002206.5131567717
2870179.8719165325
2444099.820590973
3209138.190908432
3057722.0711284876
3289060.366615534
3402329.668923855
3232756.2087857723
3461455.096837878
2488846.992370963
2828417.998526573
2885404.0495015383
2376410.288766861
#7
3080608.2426177263
3048839.002129197
3697653.3179022074
3611345.8611159325
2529605.785374284
3116302.1120831966
2728710.652112603
2550551.0489988327
3283912.5567895174
2958252.168807149
2735026.9457684755
3366821.1839618683
3208137.984819889
2825103.237418771
2871824.870200038
2994345.8529649973
2349608.6852155924
2552162.901897311
2792333.020619631
3036574.552415371
2904999.0266103745
3323860.6818004847
3383864.888898611
3573575.0776162148
3033052.963178158
3420462.2018784285
3126408.088024378
3124082.183796644
2481899.9989460707
2768085.498565793
3309772.991984725
2913289.5617963076
3131622.889230609
2994297.444583297
3263689.9012066126
2582274.965374589
2402109.1075324416
2884229.252530575
3041780.0200738907
3390080.5119416714
2955591.598883629
3368164.038018465
2805582.8646318913
2620213.110062957
3484758.399456382
3341943.592643738
2599613.800318122
2927111.5060102344
3316890.835534215
2768990.851089835
3064156.9347628355
2795989.940339327
2252230.1159332395
2674851.1428519487
2628097.2387703657
3419343.517508626
3032943.5637356043
3177709.486144066
3564235.542910695
3062852.8296893835
3116217.05563581
3177629.419643998
3353706.8977503777
3022048.2706696987
3000300.915086746
3133736.820142865
3477076.839226842
3097228.433326721
2435459.999802232
2386866.1484155655
3110435.703698516
2008819.0254524946
3111419.261560321
3012010.469042301
3141207.5778990984
2530136.2077970505
2733345.6012847424
2379207.1990760565
2916596.3238025904
3101255.5573604107
3056093.6587393284
2664475.9667100906
2763883.539983332
3146958.0820884705
2958141.868432045
3385481.5786031485
2879148.2176487446
2881138.1256086826
2979440.1032903194
2568287.148929
3284637.0808489323
3147066.8010320663
3562375.072998762
3088898.204992175
2941039.9110867977
3174612.2327080965
2490923.749019623
2981770.4236421585
3048739.3302412033
2953948.6479206085
#10
2645082.0881352425
3053854.3873565197
3515351.8416581154
2875480.6711446047
3104055.201065898
3334546.5189306736
3460320.685112357
2721986.6257492304
3074153.5329149365
2662639.6399151087
2971699.6268098354
3182265.5762039423
2380920.3031225204
2847191.1399782896
3153201.2543953657
2566506.0079665184
2784024.0799196362
2955843.9705723524
2634425.5632441044
2844771.697828889
2793731.133550644
2983558.677678108
3532963.3372124434
3352814.7245543003
3529617.7003490925
3114305.60772264
2955513.610722184
2275437.383731663
3050506.239751339
2870735.7645982504
2470665.2819970846
3347336.3409714103
3189582.461923063
2784989.225876212
2797394.745439768
2692458.329624176
3187119.7762327194
2812794.348929286
2727072.175263047
2774137.409776926
2604408.653296709
3121112.1436160803
3246611.812034726
3132487.668623686
3697871.3303775787
3330048.978554964
2014534.3929269314
3120665.075541973
2341556.215990305
3333032.0678465366
3680232.891461849
3089546.2071819305
3293110.924494624
2535795.453021884
3187660.1521464586
3698422.250582814
2368102.0330445766
2993793.2630363703
2956733.7323364615
3201895.2607090473
2812082.0471760035
3474917.539290905
3071354.3396880627
3034274.005552411
3187444.968367338
2988109.1645840406
3308277.2159911394
3291628.768844247
3146234.81306684
3110397.779348731
3182880.6516162157
2914408.1448698044
2641011.4907376766
2314905.85964334
2927984.959710717
3004058.8763290644
3340852.154907346
2922455.990874946
2197051.4968771935
2995420.8229819536
2866631.904084921
2665864.4536049366
2858059.9149051905
2821838.699562192
3148288.376859069
3257644.2265412807
2896007.7953406572
2796891.9498878717
3302803.468608141
2173822.328225255
2561794.4335926175
3282562.130679846
2960163.530908406
3444924.554617882
3291686.8974886537
3164811.8911635876
3585210.5207515955
2962580.3168860674
2163264.3021097183
2451736.0592987537
#15
3597478.6050903797
2654438.09376812
2198537.983345628
3060383.9408279657
3414751.3598195314
3053801.3406157494
3387281.303082347
2749346.785273075
3008491.260033846
2659589.768819332
3051674.198641777
2962437.6639145017
2635469.498170495
3007542.7290279865
2284344.638723016
2910214.3561860323
2974918.7652168274
2749709.085859537
2841925.6851534247
2863156.634625435
3096964.022701621
2263230.7258304358
3239463.681272328
3385182.041972637
3231526.0474984646
3000734.573183298
3344851.5752034187
2993003.702455044
3008940.0835568905
3066436.469786167
2728823.0486426353
2852330.014236331
3600798.5812675953
3012776.6212565303
3416183.1073930264
2786714.4558924437
2252765.0169728994
2487378.1535696983
2829858.782298088
2968284.8457668424
3268809.511868477
3123161.280698061
3513989.2076286077
2401042.7512671947
2695709.238932669
2479231.0353713036
2844982.7300881147
3056627.85217309
2953553.5496878624
2840026.8568968773
2565784.3988717794
3188292.5880551934
2851842.270895958
3473420.7185264826
3154624.3920543194
3587105.9600236416
3152618.543041706
3415990.0693675876
3579059.3585318327
2501800.3887348175
3221801.1842372417
3064664.2895368338
3176472.9203268886
2832976.3323551416
3080434.3628082275
3136646.033927679
3279221.6774235964
3183836.1400619745
2569357.1028910875
2959703.336251974
2919199.381212473
2673450.9229331017
2893303.271654606
3432831.299337387
2926511.543328166
3265338.489697695
2417530.5975878835
2771758.4638177156
2426278.505668044
3768838.817932248
2904854.7530583143
2928068.9462914467
3106040.3801540136
2782368.969093919
2776889.6832089424
2849254.8145730495
2901382.1119480133
3165424.9312233925
3233853.70781672
3027132.251336932
3336913.95294106
3162587.9608533382
3012852.5900187492
3010877.9167764187
2730892.9860634804
3000830.9945579767
3044046.1411961317
3136417.7311788797
3105710.956326127
3000635.3450989723
#20
2923899.630548358
2948039.4977509975
2656200.03437984
3336397.062643647
2999227.5452059507
3086620.8264820576
3276721.631916046
3105268.536185503
2746849.018772006
3318561.7264119387
3135900.9693710804
2550626.8702830076
2673728.1535989046
3196875.959596038
2789944.618483722
2920303.811403036
3123731.936138034
3133975.924236417
2876468.2037204504
2374351.5205407143
2716671.6989808083
3011828.6134997606
3596988.725224614
2770420.4323289394
2601573.204838872
2702557.470865488
3335116.134584427
2725266.430822134
3309922.239888668
2420580.176392615
3009946.4047837257
2623215.9626215696
2957601.453332305
3379814.5153763294
3136927.79156363
3083555.556891918
3210621.089020014
2337737.888146162
2802990.564100027
3204289.7141949534
3066427.6299129725
3168249.715240717
3106974.9011775255
2685680.3101090193
2763064.5794756413
2776241.4628311396
3260539.7907414436
2511741.050437689
2339176.6394770145
3154455.3475209475
3109539.8418363333
2969796.3157907724
2950057.524874449
2548033.192072034
2866692.900734961
3139869.714949608
3131870.037632704
3255661.7789987326
3485518.9075909853
2846909.464835286
2521364.0399672985
3068618.9504624605
2680453.163511157
3182429.4510970116
3575880.2185195684
2988459.2396811247
2847370.1524629593
2918248.039252639
2738181.273910761
2584277.906183839
3492596.8575831056
2955244.4233778715
3315108.4181889296
3040761.6585781574
3028857.2847939134
3178189.0143170357
3353980.564661622
3280824.515444398
3141943.326748967
3114762.591631651
2998976.598500848
3170459.106977105
2712313.0009231567
3207116.6289510727
3102505.8347861767
2645324.450515151
2990602.174896598
2831392.404355824
3283561.443386793
2728448.602838874
3589693.939632654
3196348.2786263824
2579300.892071128
3259030.407483101
2902630.319647193
3236221.497486949
3044767.021179557
2657134.438585639
3212216.582429409
3045833.179182887
#30
3417098.27517128
2867679.4135740995
2693449.215046048
2739039.565232277
3022058.226036072
2834953.45353806
2938820.845392823
2531626.5613660812
2583362.7541490793
3112747.2021603584
2958159.4525083303
3059269.0921951532
2473978.484523654
2524771.2828748226
2669909.993899226
2578988.7646923065
3051700.8024076223
3086897.5104809403
3279135.234117508
3146296.0138270855
2852630.02030921
2612543.045668602
3018600.4228727818
2797472.7814979553
3204563.721528411
3039422.474779129
3709835.689354062
3544758.0684553385
2726872.6377779245
2902028.8785202503
3170216.813863635
3237750.7482204437
3063787.084850192
3088391.08474195
3177769.807070017
3252195.502306938
3218612.1893652678
2413709.02020514
3682140.23412323
3527822.733588338
3200548.326792598
2561287.685819149
2665347.9648529887
3004817.151096046
3055844.562153876
2604355.501114011
3074382.1124210358
2915865.343627453
3070670.0353699923
3513797.9793770313
2892611.1189826727
2824092.2243839502
3253094.27219975
2630784.094961822
3150030.2286736965
3108411.029489279
2693796.5643101335
3278273.1726486683
3070544.0252827406
2736450.187166691
3004571.4171777964
2985160.0318375826
2856856.2687710524
3194029.5634628534
3786066.224052429
3410100.013946414
3136393.213820815
3122824.310751915
2970272.3034049273
2679011.167539954
3328481.6979557276
3157090.323507786
3077165.798812151
3198638.6604112387
2758327.132680416
2436941.2024530172
2924909.3147631884
3025323.086140752
3303296.726070285
3099878.736320615
2652244.435704589
2968002.5706807375
2824228.7865234017
2951655.4533680677
3281046.7336535454
3436920.611924529
3063459.944865346
2670547.516350746
2731447.128515303
2985864.145419359
2814768.76706779
2814472.7709714174
3123106.625344813
2849892.378702879
2616145.391577959
2605481.485283017
2630131.2705373764
3197963.585210681
3508662.4931287766
3718708.729204774
