#1
3.401541746119952E7
3.475889698730394E7
3.3371253365769356E7
3.422083892204645E7
3.491291631525993E7
3.2789716650671035E7
3.312190366510579E7
3.4649051093201905E7
3.546024306561944E7
3.3455204003139585E7
3.403635459821382E7
3.370566959109941E7
3.390421140417346E7
3.560621497710796E7
3.395300172144145E7
3.444612286385375E7
3.4773781845047414E7
3.469829039554265E7
3.487851519336203E7
3.36684528127031E7
3.3503903650041193E7
3.368313325938767E7
3.4070896321080476E7
3.4245190465430796E7
3.35703511519576E7
3.4565080912350476E7
3.4452734151093364E7
3.3983790503802985E7
3.354203262816614E7
3.387050456766039E7
3.412034530602747E7
3.3814850807474434E7
3.402779993939459E7
3.433052103580892E7
3.408901616962159E7
3.3188560498737305E7
3.454835274999565E7
3.605995368364495E7
3.432936033141196E7
3.26787081188685E7
3.557056016481748E7
3.4094074003528476E7
3.3010003895833343E7
3.44096933307766E7
3.402601621690625E7
3.43377997005997E7
3.432178612561789E7
3.328340299191588E7
3.3021353186152697E7
3.3413977707037747E7
3.399799023013973E7
3.389351709883869E7
3.298435895008287E7
3.402977272463295E7
3.4762140544505596E7
3.432246220360252E7
3.47621530314036E7
3.413205451038122E7
3.338389860701005E7
3.465428195638713E7
3.398128055059755E7
3.447963704471952E7
3.402197865852025E7
3.3779660333812416E7
3.511293405595806E7
3.540458350474557E7
3.468190280823988E7
3.4040952958642155E7
3.305047410383588E7
3.41560034383167E7
3.417462489892709E7
3.3852937471732736E7
3.238036311868903E7
3.353395828840837E7
3.369395605205959E7
3.3002225308215648E7
3.3749456722762495E7
3.4531181821501136E7
3.406136088092995E7
3.367066908859071E7
3.383317876959014E7
3.477574084954029E7
3.402231381692201E7
3.417997774393791E7
3.4095520835454404E7
3.4220526370851785E7
3.338425762993616E7
3.3217930055050403E7
3.402708216431567E7
3.454906015341246E7
3.551775805658707E7
3.440668285104418E7
3.2756318975202173E7
3.45232531509389E7
3.460860739662641E7
3.393259727691431E7
3.469445747727969E7
3.466099125594565E7
3.43632376791265E7
3.4648898718153924E7
#3
3.403866880302054E7
3.3405571280796647E7
3.2587214190096706E7
3.121968702311173E7
3.275573413940218E7
3.3342710880207628E7
3.444272232175237E7
3.2985804611357868E7
3.3728777666871786E7
3.3298180064800948E7
3.3306406381417215E7
3.1687075318966627E7
3.213719587585607E7
3.3567222508431315E7
3.298558354418814E7
3.2951026398015082E7
3.2919918642822146E7
3.1700662892369717E7
3.3744739371463984E7
3.3215849835261807E7
3.312609087043038E7
3.286676734244433E7
3.331860419527495E7
3.2183519419134557E7
3.359269471289465E7
3.338529735075733E7
3.320474718252307E7
3.2287052570972443E7
3.287246424826607E7
3.392489121909553E7
3.3034712166625768E7
3.428409135524225E7
3.1132618094685316E7
3.271294538476923E7
3.3102051184687972E7
3.356231144186568E7
3.269345890380764E7
3.3339678420534074E7
3.398087044362062E7
3.593405833241764E7
3.314101577315131E7
3.2236053511886895E7
3.1873194201314002E7
3.332530156860003E7
3.23395355781101E7
3.3042273114257187E7
3.460269784409702E7
3.368452823239231E7
3.3542409190741897E7
3.2960225201596588E7
3.431960302818775E7
3.494360832107431E7
3.1323727690323293E7
3.2850358426303715E7
3.259316250312075E7
3.2204762282563537E7
3.3633119146731466E7
3.2775196208706737E7
3.434983737589896E7
3.225339551515308E7
3.2733247080897063E7
3.439754094064996E7
3.1940407511734307E7
3.2619857321593344E7
3.317709276007524E7
3.331131572294131E7
3.2945430781737685E7
3.3275636062361687E7
3.259902602776864E7
3.3252579773023903E7
3.360574234188652E7
3.487315210171169E7
3.1500735347999632E7
3.383049756022972E7
3.262890070108956E7
3.250413916499448E7
3.317207050692138E7
3.315119093878761E7
3.2567077504929006E7
3.1664979610348463E7
3.1878561300590426E7
3.369892657810691E7
3.22850173268947E7
3.323955640393585E7
3.383780646434283E7
3.3368027523724616E7
3.3334945494145095E7
3.402732307004607E7
3.2768113902171493E7
3.2360400377063602E7
3.3178204746933192E7
3.356265367842391E7
3.3776986442468494E7
3.2673234809354514E7
3.2373479258325443E7
3.357024690885481E7
3.3314984292260528E7
3.160364208126247E7
3.372532638721526E7
3.221409246797785E7
#5
3.2895317717149884E7
3.1708162154018015E7
3.2537133107929677E7
3.283429867187226E7
3.2793860866923094E7
3.2165858548849046E7
3.186650382551551E7
3.3062052573413193E7
3.0796202111224115E7
3.2461795560955793E7
3.1431983198336184E7
3.1001561154724896E7
3.3050750432699293E7
3.3094227158675283E7
3.1337550016699433E7
3.2241183098168224E7
3.297078713381982E7
3.2453844723967284E7
3.1775642091965765E7
3.2906350540956438E7
3.382055726493323E7
3.1847202503207356E7
3.301517208875245E7
3.2356595736762464E7
3.38834362737523E7
3.291530049519074E7
3.227083276905048E7
3.316055199017331E7
3.216432720621729E7
3.1994106171264857E7
3.1255619054522574E7
3.29230097808854E7
3.1750926903949678E7
3.1645001107209116E7
3.2293078267902642E7
3.1485894909062505E7
3.271651632456717E7
3.099566527696851E7
3.48838555971137E7
3.3069770116632164E7
3.234611390667191E7
3.1145730958078533E7
3.257272112616107E7
3.2985437332921654E7
3.2386968420075774E7
3.201851011736262E7
3.2993518780916333E7
3.3542796293568403E7
3.237818959767714E7
3.1282705488078564E7
3.2673709631104946E7
3.2437147468441665E7
3.109252015480104E7
3.3109769933511883E7
3.2473946769469053E7
3.27608075022178E7
3.310952154908511E7
3.1809261895704746E7
3.2818429256993115E7
3.1237711763854355E7
3.34825864284119E7
3.2054482814607203E7
3.2453982940796077E7
3.2771490583551764E7
3.1698912820372224E7
3.3308754137022436E7
3.3320963348151952E7
3.1933032256091863E7
3.366883319088614E7
3.2243587535200864E7
3.1986148444992453E7
3.233619483466029E7
3.2408166764808655E7
3.2295823065691978E7
3.3127385626206458E7
3.200776164988026E7
3.292340908989823E7
3.356532081930676E7
3.26240446526438E7
3.299009151240778E7
3.3431847390909612E7
3.308724159569496E7
3.1733483027642816E7
3.3067110410379946E7
3.2776520042259783E7
3.2409679447346896E7
3.1821862029709786E7
3.0824424872461706E7
3.304187798857203E7
3.1853726211413115E7
3.198590791994369E7
3.3188504957750827E7
3.1902807315451473E7
3.246190488359329E7
3.220658096785426E7
3.1674626893372536E7
3.1755237964069784E7
3.251326925834182E7
3.2082804993875116E7
3.199087647768411E7
#7
3.2906611559580356E7
3.1593738457202733E7
3.385929080364248E7
3.31552777001144E7
3.238055726521808E7
3.3842548146921426E7
3.318431596436754E7
3.2786556068814397E7
3.1138735628801823E7
3.1502715206502378E7
3.2436757558806807E7
3.2541248111579508E7
3.289353184637788E7
3.1556070175138593E7
3.200033079666853E7
3.2787811573542863E7
3.3443104623498023E7
3.2348019809013337E7
3.3218134361278117E7
3.1730779261945546E7
3.150306539910811E7
3.242982265120022E7
3.0999929003656894E7
3.2982360342491448E7
3.315800872466603E7
3.3727397721612096E7
3.2513131834998697E7
3.3426478996126235E7
3.316427944816768E7
3.2314036254108757E7
3.1786339067340374E7
3.336468794225818E7
3.421762818072072E7
3.3381970127958387E7
3.1422708597893894E7
3.1015366611317933E7
3.2571939321304858E7
3.269464213813162E7
3.3118019532528788E7
3.2393059675419778E7
3.2732256703776598E7
3.399722780759749E7
3.291950978742832E7
3.293935422000271E7
3.2918407753617167E7
3.2010811530309856E7
3.2213900763473243E7
3.29718324281525E7
3.276219610335785E7
3.1747678836212307E7
3.2882199155438483E7
3.328823478515558E7
3.3396811774634957E7
3.293751752228558E7
3.1716852872869045E7
3.2865463083563358E7
3.2468608131462514E7
3.3927257046652615E7
3.0712158777820498E7
3.399294823155981E7
3.1733410998245806E7
3.257432183105564E7
3.2855499529173017E7
3.2390130187123865E7
3.2372706985491693E7
3.375990231132978E7
3.230589634146452E7
3.2937757369303018E7
3.220373708003229E7
3.2782759573846668E7
3.198094244806999E7
3.2877680164848268E7
3.191801646072641E7
3.1774506815267265E7
3.2743395408521354E7
3.1954703122686356E7
3.3327904082199275E7
3.3034976215304732E7
3.2992145352195427E7
3.3555756143530995E7
3.372615273746735E7
3.2914208436030507E7
3.314296705032152E7
3.152837372053519E7
3.2224462711433798E7
3.2229972893278062E7
3.321147128803575E7
3.2724367152761847E7
3.2288751192830443E7
3.2176249314689755E7
3.3251221606044263E7
3.1692895777644396E7
3.3503565397197694E7
3.2581364658355147E7
3.143822895754221E7
3.2308683856158882E7
3.1457352289816797E7
3.2501911375301152E7
3.1818812754355967E7
3.3340514924075156E7
#10
3.2583255856137425E7
3.207654621059838E7
3.2084410806089938E7
3.321209145985517E7
3.2611328023389995E7
3.3230152033191204E7
3.2108827847005427E7
3.285957283840902E7
3.3085782673709482E7
3.2277521675133348E7
3.356918090051955E7
3.3346629088639766E7
3.1615377913620383E7
3.3205533154605657E7
3.3419073964940608E7
3.224941145483163E7
3.1482797946393818E7
3.3691950545449466E7
3.2388067270067543E7
3.1428123003288433E7
3.0820611461997986E7
3.234122573344767E7
3.1806326001509428E7
3.310680859155625E7
3.257950709111908E7
3.222115245241624E7
3.2313771830281824E7
3.327595240577665E7
3.1541372622802287E7
3.195670797587979E7
3.2436267093649507E7
3.2450182794731945E7
3.2538481904069513E7
3.331145556382379E7
3.2355205129585415E7
3.297288877512744E7
3.183320792862636E7
3.1493806921607673E7
3.2406467049672335E7
3.2715831185572475E7
3.1001736717021614E7
3.2079198799446434E7
3.134915966445297E7
3.2178536521180898E7
3.2526335151113123E7
3.2560294878042072E7
3.306367686756465E7
3.277847545140007E7
3.230671616902417E7
3.1601128758184344E7
3.281397391486314E7
3.27672061906465E7
3.2283280325285375E7
3.217871285224378E7
3.233894716961038E7
3.0553222874075353E7
3.2591086575281918E7
3.310355410097918E7
3.3670322986554354E7
3.2524924632265627E7
3.1232405735768974E7
3.2628617725726426E7
3.267036513613844E7
3.2900124230048865E7
3.1035373950048476E7
3.2414451944045752E7
3.180262189217779E7
3.1878333316598028E7
3.3418789698722005E7
3.2515799976950616E7
2.979134516770649E7
3.313272198873523E7
3.2765797083241493E7
3.15486233781783E7
3.126495983164394E7
3.191084436631179E7
3.387084840930855E7
3.268370899391207E7
3.2072538530624986E7
3.3003782363501877E7
3.321373307172668E7
3.328083240314287E7
3.360171312669486E7
3.2391452769149333E7
3.1781188619670957E7
3.1725413947563082E7
3.2148349922210097E7
3.1194295263788134E7
3.202123519559285E7
3.2861124540139228E7
3.3200495975385636E7
3.3098462132481337E7
3.133231104446116E7
3.172207840528375E7
3.360380900166401E7
3.2489311197730064E7
3.213503121335417E7
3.2260881818055063E7
3.1465972952735066E7
3.179164806454262E7
#15
3.296139076265788E7
3.279022291710198E7
3.211268458945003E7
3.2342761526941627E7
3.1443896913607746E7
3.4444571699095756E7
3.2351845275125474E7
3.251729882050726E7
3.30137018645052E7
3.2497887567648053E7
3.4039053002443224E7
3.163075211716613E7
3.2577510390927225E7
3.1502693972649872E7
3.3491051793260694E7
3.2978079152788818E7
3.380711692864689E7
3.1838239674292803E7
3.0706184720735192E7
3.2289499712460905E7
3.2647974782588303E7
3.0991233219219446E7
3.1826793214221418E7
3.2548092421482235E7
3.3212199581520706E7
3.2701519977315098E7
3.211128761683041E7
3.2464729751170814E7
3.138526168665397E7
3.2652978375056416E7
3.2119786242376685E7
3.2690116985684663E7
3.122088606980136E7
3.1611820592419803E7
3.253769475789365E7
3.2433887734182984E7
3.332430096957189E7
3.207786641789791E7
3.292528803077817E7
3.3121819877749354E7
3.2226455512106538E7
3.253944858741653E7
3.3201263745398104E7
3.3236465628744096E7
3.1984581279755026E7
3.3346172413579613E7
3.2484209720840424E7
3.1619087551484764E7
3.2510951172541738E7
3.2660949686866075E7
3.2358266681829393E7
3.246885134573695E7
3.1029782310477734E7
3.3281407788861215E7
3.285942958603415E7
3.3133424923831344E7
3.301944850533244E7
3.3261778898372322E7
3.2428757677280992E7
3.237814928409174E7
3.2326636693322897E7
3.1896066421525866E7
3.1932925896833986E7
3.3102343205798864E7
3.2491896611229748E7
3.1645006447671264E7
3.1347829497974575E7
3.3155963429113805E7
3.189692138546732E7
3.1705938081430256E7
3.2866148590167403E7
3.097702257435009E7
3.2576820906759024E7
3.2754870594806135E7
3.1359410781621248E7
3.181922314119941E7
3.121912280861771E7
3.265466327091953E7
3.1790371939279318E7
3.236107032167414E7
3.2999614139963686E7
3.179044756194994E7
3.1358505144270748E7
3.3205211741113186E7
3.1706387378997803E7
3.2425494464407235E7
3.2187077634234935E7
3.2662872161640912E7
3.2621568261279523E7
3.230196641604182E7
3.2166516092484534E7
3.1165500381892204E7
3.3561806491466224E7
3.150087540157351E7
3.35468510290626E7
3.394368534413248E7
3.2730091277511656E7
3.2146510662911743E7
3.211321954599908E7
3.155111709893453E7
#20
3.2555214525429726E7
3.164200956452492E7
3.1643560232758284E7
3.1064209579475284E7
3.2368392234194666E7
3.190479961375746E7
3.270708260160166E7
3.1104215254082233E7
3.235018304785797E7
3.3050374357450068E7
3.3076156479052484E7
3.3167288784090847E7
3.1632139482238322E7
3.2504758649510443E7
3.1379808110092163E7
3.1457334381802082E7
3.2449832146181792E7
3.2258228350100666E7
3.2669881901760668E7
3.2277202868490815E7
3.150459254105857E7
3.191381422290668E7
3.196285997474411E7
3.14904011087856E7
3.291490464911118E7
3.2299415841969073E7
3.170301940593508E7
3.0882929984027088E7
3.2316836258575916E7
3.1999833894118667E7
3.252045661028731E7
3.3283479254536092E7
3.2710941866348952E7
3.1471760205873102E7
3.2102873711818904E7
3.1922478128736645E7
3.215875796639979E7
3.2050556466554224E7
3.2251267964181393E7
3.1274408690060377E7
3.245412034802556E7
3.235164297073978E7
3.2291889253982842E7
3.2257950004669636E7
3.3217032934047997E7
3.2213420941960484E7
3.3095444542692125E7
3.2265591204527467E7
3.2474530422600746E7
3.2903074781054646E7
3.1676506720169485E7
3.363936408690566E7
3.361844548339534E7
3.1631908107571095E7
3.2829857623138368E7
3.07329402462565E7
3.2825071661384404E7
3.164425271477276E7
3.186110925682783E7
3.1684167965609998E7
3.157589837372151E7
3.2382984223257244E7
3.2204314734948277E7
3.209200423623866E7
3.1791429190875918E7
3.2056783290464044E7
3.304444474162656E7
3.289177093085146E7
3.0906948142200887E7
3.329930988875386E7
3.2159020755352467E7
3.1098502998909026E7
3.2208242132972628E7
3.2263706396790057E7
3.194452658859989E7
3.277384844511062E7
3.2708420581017226E7
3.3480674342881054E7
3.330718479844871E7
3.218279606118563E7
3.2638350816900373E7
3.3011762782935172E7
3.1797315268251747E7
3.207415158782673E7
3.1514439636992544E7
3.1288443579318702E7
3.1068570402152E7
3.2725547954136103E7
3.1584058573097795E7
3.3055518949286163E7
3.1991211638800263E7
3.1678462085817754E7
3.2549697085810035E7
3.265280915660432E7
3.2536715553854406E7
3.25789754891434E7
3.2207219786830634E7
3.2646623580266386E7
3.296928771132888E7
3.2551155184013486E7
#30
3.2176597775523484E7
3.42626299515422E7
3.369386788153428E7
3.2333233126446337E7
3.0905454151712E7
3.213309980743459E7
3.311847283505121E7
3.3153042142166555E7
3.2220730737561285E7
3.2495690764038116E7
3.099097699457583E7
3.2299165619989067E7
3.0959723849387616E7
3.2650908469134897E7
3.2372652789685607E7
3.3277572643066585E7
3.1469994385211885E7
3.1834425652251095E7
3.1832162323390514E7
3.0987026778491378E7
3.1683421891545027E7
3.2193347829416513E7
3.3388957662453532E7
3.0551526097340047E7
3.291144910752055E7
3.181388293298292E7
3.369766450793427E7
3.378429952435094E7
3.202498726421562E7
3.342897455301681E7
3.2156517711980134E7
3.2184896764472187E7
3.105848979240355E7
3.2224474292019814E7
3.352547268548307E7
3.210399104197061E7
3.2657097174726695E7
3.2634272434844702E7
3.2865542813577086E7
3.299759116111654E7
3.2072443616258025E7
3.311269365740025E7
3.235467703105536E7
3.1991326640039563E7
3.2973284905502915E7
3.226344703748846E7
3.3048646156059086E7
3.1971653457247496E7
3.1849386012688905E7
3.0681168071872115E7
3.288568941760871E7
3.220181473263663E7
3.26027535673306E7
3.1889026173136532E7
3.310106031932795E7
3.1918912564453572E7
3.2203250838844568E7
3.176167292032054E7
3.1436081609934926E7
3.2295185454424202E7
3.1185078563536853E7
3.151216334233439E7
3.2817240237700045E7
3.190005072749394E7
3.205909744995886E7
3.1554275637363374E7
3.1708210720556438E7
3.275157573703435E7
3.404164439655514E7
3.277150826436232E7
3.212386433515182E7
3.2712679536291808E7
3.2206986914791793E7
3.2764432787064224E7
3.180011388608229E7
3.272838467436844E7
3.2396986635180295E7
3.1889250619062424E7
3.2533773627667665E7
3.0664322410645455E7
3.120916042985058E7
3.2592238198884577E7
3.1426321811761737E7
3.2324683194401443E7
3.2888462971445113E7
3.2899254218874335E7
3.3238714834419698E7
3.137514332680759E7
3.1926867105666608E7
3.163785532396701E7
3.2334040852138817E7
3.3344433034388065E7
3.2335805238809556E7
3.1739824498575658E7
3.2094009424129397E7
3.181254032913807E7
3.249834836584416E7
3.2112364140672237E7
3.138587284060371E7
3.2775775502031863E7
