#1
3.569097886298776E7
3.603472939694828E7
3.589372179388493E7
3.706662913456786E7
3.595314325179443E7
3.698496705930108E7
3.751264279791543E7
3.636657044013119E7
3.723123301604435E7
3.78611663935824E7
3.631330268287629E7
3.597681661346975E7
3.545325084702766E7
3.7065604869027436E7
3.78053130383538E7
3.829779800880039E7
3.6195250390515715E7
3.833117227555668E7
3.596002385347375E7
3.710259935429728E7
3.640842765997052E7
3.656208266007525E7
3.628654182984173E7
3.595016071911433E7
3.6463111028636724E7
3.648575404186678E7
3.5280261740336895E7
3.670395376375526E7
3.654080953586787E7
3.7130965680333585E7
3.7639783594019115E7
3.7568102842618346E7
3.573523673403369E7
3.7524626685135484E7
3.679192932600528E7
3.655584989931974E7
3.583518449769482E7
3.578825960706559E7
3.5712216691194534E7
3.7140444503474236E7
3.705106205171478E7
3.488675050125307E7
3.461889933505842E7
3.624878182712522E7
3.643431385323697E7
3.694102803063825E7
3.642389229577464E7
3.563348322802296E7
3.6680235296889335E7
3.638525025228721E7
3.6033653721663505E7
3.702598697034922E7
3.638253782330668E7
3.5627077540402025E7
3.703294537144697E7
3.709698436539754E7
3.74382043026503E7
3.511450528038275E7
3.7711880206933826E7
3.6171276988195986E7
3.668081898174244E7
3.675758135248375E7
3.573525269683546E7
3.519729092200774E7
3.7684795689074814E7
3.64888260797528E7
3.664891420250943E7
3.490835689443317E7
3.5646118520242184E7
3.714514652073911E7
3.647132088385686E7
3.541685469706723E7
3.5294768961048156E7
3.58379484045572E7
3.676174178477526E7
3.63317381185956E7
3.5271724673157245E7
3.660705548742682E7
3.719958153315273E7
3.683490371218872E7
3.512748739252809E7
3.6045285301486105E7
3.5227568678295135E7
3.726402024673632E7
3.634469078532994E7
3.6647649733933926E7
3.6697087105277985E7
3.726831133699921E7
3.630676094883254E7
3.709608243319076E7
3.7625520575801164E7
3.6016854872902036E7
3.64223708047083E7
3.596098065009776E7
3.619055362384799E7
3.661885850304803E7
3.5997784343664855E7
3.477198609246299E7
3.675307378670409E7
3.727168976026261E7
#3
3.417344938431314E7
3.488907379619408E7
3.4458608595550865E7
3.617539321774703E7
3.567588805507994E7
3.425752672619319E7
3.524421725132829E7
3.472823899820173E7
3.5388022401467174E7
3.563130647701612E7
3.515017171147978E7
3.559850779147634E7
3.5086994803378254E7
3.554681380497739E7
3.6060101204490066E7
3.669182768206823E7
3.477731276224932E7
3.5443190718220085E7
3.506043213351819E7
3.65174513183012E7
3.584570110700825E7
3.40741042197555E7
3.4291188632544816E7
3.455121398162672E7
3.663252640667939E7
3.488743212108949E7
3.63722602901347E7
3.6066064913775265E7
3.509489512767461E7
3.63612006869224E7
3.606708139501539E7
3.4929774392008334E7
3.433358225057334E7
3.478030116015825E7
3.454695811288512E7
3.3256899728557438E7
3.453263103736961E7
3.528666897974691E7
3.524523936695024E7
3.5553136465611935E7
3.587062220187557E7
3.511320764439243E7
3.589072537774417E7
3.424304878921983E7
3.468933338879675E7
3.477378896965706E7
3.464704473496252E7
3.5105743425596505E7
3.425044037288287E7
3.541956361773473E7
3.558982880229333E7
3.4880364231658906E7
3.590801902782342E7
3.554708825343713E7
3.516402983175686E7
3.4033322430547535E7
3.396083557797682E7
3.468285583737543E7
3.4260133379739136E7
3.528451999720985E7
3.390479798669931E7
3.509289601161522E7
3.541436032603437E7
3.431226117496508E7
3.420380243625435E7
3.438285702204993E7
3.464022626215696E7
3.550773196769357E7
3.580920753628206E7
3.530761310793981E7
3.6092443347364336E7
3.469829311804435E7
3.522185113617039E7
3.4590187425170034E7
3.600012174943417E7
3.566187320595083E7
3.5473686542529255E7
3.504567071236825E7
3.6168853797959894E7
3.538693832406101E7
3.495859196570179E7
3.667976967717415E7
3.5999233321443826E7
3.424399294711241E7
3.545867034197858E7
3.4740715489732504E7
3.509811460164258E7
3.5851705675293446E7
3.514042259116486E7
3.422013352958956E7
3.4846554338998854E7
3.413031687605247E7
3.6540074490015596E7
3.6334111690656245E7
3.6621145365002185E7
3.647726048251766E7
3.5798861933294356E7
3.321196932220477E7
3.5909677862719595E7
3.662617069344279E7
#5
3.3162862027914047E7
3.5341116889357924E7
3.4562512377295285E7
3.410038447360298E7
3.449475509013668E7
3.4180731371931195E7
3.44277363767302E7
3.375589728355524E7
3.3009541106375188E7
3.3158678777926415E7
3.412907241357753E7
3.382894449000925E7
3.4674209128585964E7
3.2903541025228858E7
3.355506189305082E7
3.2305330860914737E7
3.53567601110301E7
3.248883460774836E7
3.333032784089765E7
3.311700188308686E7
3.3665124052131236E7
3.4129047797551185E7
3.2416552351709962E7
3.360911162769878E7
3.416740073278257E7
3.454626345001423E7
3.441917631620219E7
3.460935825625089E7
3.476316216090703E7
3.388396461478892E7
3.2663724259791434E7
3.3420042728298068E7
3.34148786058248E7
3.498414275249541E7
3.2646701630334556E7
3.438701184144035E7
3.3758661568465054E7
3.540804795386571E7
3.3457562601570457E7
3.521362270078334E7
3.440014486505011E7
3.2973367523399055E7
3.4300232087384015E7
3.49511485901075E7
3.3530656584382027E7
3.341153203089103E7
3.4618858126339406E7
3.4545221334861785E7
3.4306473210970044E7
3.3900483315075964E7
3.3826637823856205E7
3.3303453052819848E7
3.366552662153408E7
3.4097768027739465E7
3.288112588815567E7
3.418149784984821E7
3.4704659615814954E7
3.503029481150481E7
3.3477720912777632E7
3.37918502519069E7
3.508961388802904E7
3.521666975518173E7
3.433612184890142E7
3.388379038622278E7
3.461506282325658E7
3.3495560006954223E7
3.2964166184677005E7
3.417884795664784E7
3.40573460781236E7
3.405204739862251E7
3.468026559178904E7
3.3600387105036736E7
3.43691900255017E7
3.297140486635387E7
3.431202098057905E7
3.40978147794022E7
3.488184472452611E7
3.364827124927443E7
3.426410178857222E7
3.362247296948004E7
3.423391130808368E7
3.473076191946879E7
3.556702152025589E7
3.39842017196475E7
3.303787149828735E7
3.369811369347748E7
3.477705490044272E7
3.273114201148063E7
3.3168510706293225E7
3.4910701321146905E7
3.490422882106143E7
3.3961369284602255E7
3.412926681312525E7
3.449451061527845E7
3.2067362843667E7
3.342082735975921E7
3.409229069263503E7
3.1658265372712255E7
3.390952343297611E7
3.241478935516137E7
#7
3.2703076971749514E7
3.416499445671612E7
3.364200463290614E7
3.3133612419801414E7
3.3116320302331567E7
3.2814174973489344E7
3.476534894419634E7
3.279146545430553E7
3.2245731096010476E7
3.336048684217733E7
3.322872063349217E7
3.374067208706018E7
3.2627284377118975E7
3.3144851195573688E7
3.3573160947230905E7
3.405713913064098E7
3.271908255287969E7
3.2099912883433074E7
3.1748682177205592E7
3.375498299347678E7
3.2772459626572162E7
3.3365068411910176E7
3.33400172296004E7
3.2927743797011644E7
3.348158544740662E7
3.3436719180332422E7
3.294440654554358E7
3.2656572712579787E7
3.2150224982324928E7
3.2885767262869567E7
3.3387211825061113E7
3.2228538094353855E7
3.3277319316243768E7
3.251600935667351E7
3.355498858524138E7
3.325247972814712E7
3.2636082451367855E7
3.259539820176065E7
3.1926907837299764E7
3.2271351897521228E7
3.37618597185798E7
3.4044666883487105E7
3.311888445691994E7
3.3437171430921704E7
3.356818323966417E7
3.2559416121356606E7
3.2580856694945812E7
3.3211473226515144E7
3.423934676147175E7
3.1801334847475022E7
3.232832407336378E7
3.402084562590507E7
3.2292335490927547E7
3.405132697825411E7
3.365937609490237E7
3.3758923308495104E7
3.3023376854918987E7
3.118456579969436E7
3.333658987598321E7
3.3207078797382474E7
3.3335530805747777E7
3.443012488409829E7
3.2141472320604086E7
3.316705160591027E7
3.400491063811478E7
3.3743821019749135E7
3.2153153669861823E7
3.426264260584438E7
3.3327924196665913E7
3.359777623324612E7
3.2757102547611058E7
3.3104975093038023E7
3.2757099382699907E7
3.419918179991707E7
3.3116781872076094E7
3.42049036138773E7
3.2779094158118337E7
3.293556060481122E7
3.38257967200748E7
3.418213992920843E7
3.286361208782333E7
3.2990875535770297E7
3.30940500631831E7
3.37602738138096E7
3.3354806019833833E7
3.2772409341994107E7
3.1897786898394942E7
3.3473432942317575E7
3.3738305140209764E7
3.2570523701454252E7
3.2764947875286788E7
3.447025611835089E7
3.37483872015861E7
3.1609190725141257E7
3.2614101384239048E7
3.2923824465048015E7
3.39887339071784E7
3.2729281507891685E7
3.260807655951199E7
3.259561876658213E7
#10
3.362893145623952E7
3.3122827577876776E7
3.1876559571980864E7
3.15879455011999E7
3.1699136674997896E7
3.3603061823716074E7
3.3872741866566E7
3.190607837508747E7
3.1967251317467183E7
3.2780770933558792E7
3.322433918858412E7
3.213716282184747E7
3.2045268938215613E7
3.250830585542357E7
3.314526020413962E7
3.2181061538621396E7
3.3312741195097625E7
3.202707788694665E7
3.239512739653051E7
3.2834614099030674E7
3.210228157869351E7
3.2681937880025357E7
3.2749382110735416E7
3.4741531243706256E7
3.2779665650776595E7
3.1901294852797776E7
3.2092548288529694E7
3.292322106570062E7
3.1952057714518726E7
3.416026156602761E7
3.271236318142703E7
3.3062732496191025E7
3.247259726321867E7
3.370231399624166E7
3.2841348454859644E7
3.367491526655781E7
3.2989467993973106E7
3.290792202957201E7
3.185463097751668E7
3.2307747967234254E7
3.266389860085693E7
3.203168225509724E7
3.2652316490732342E7
3.2943041266132057E7
3.2744273843569458E7
3.3242713117859066E7
3.35871224289566E7
3.2166306713884413E7
3.282270499266082E7
3.320599035109502E7
3.342310433151716E7
3.319131500192803E7
3.3325782742702246E7
3.3411319426534116E7
3.229695890474537E7
3.380480365018934E7
3.2673716486125767E7
3.216860909330982E7
3.237233788624513E7
3.216746410751465E7
3.3379359611488312E7
3.318444578173381E7
3.288993185922271E7
3.0827915377403766E7
3.2938940097688347E7
3.399266582183969E7
3.3422606999087244E7
3.2230324787791282E7
3.421128804251289E7
3.2711535218793154E7
3.164437364232096E7
3.374466350876677E7
3.372067947005117E7
3.226671892327541E7
3.2112673135644794E7
3.35804438377803E7
3.2135779666864425E7
3.2811050538503766E7
3.394305668028349E7
3.2208895779525787E7
3.191288085432914E7
3.2277471790626347E7
3.2776012867203444E7
3.2742065897119135E7
3.3162732035580307E7
3.227249199497384E7
3.3457003660449833E7
3.356424896800688E7
3.113443612708372E7
3.1994245250814915E7
3.2675113905652106E7
3.236456476005909E7
3.2313715300465733E7
3.3294491961938918E7
3.192797247451982E7
3.1804102701728582E7
3.291374701968634E7
3.2917672176853806E7
3.239316725117719E7
3.198688367584929E7
#15
3.366141042463598E7
3.1979530440413564E7
3.1979085651568025E7
3.2761243940601826E7
3.3114531207301855E7
3.2903537809854627E7
3.1829108620049447E7
3.2777598937681317E7
3.2937437192692727E7
3.369992879183024E7
3.1790072892430633E7
3.1647156326834857E7
3.1851076624168307E7
3.3033269571155638E7
3.232395178931853E7
3.371399016619831E7
3.2599900604346693E7
3.3232056902489215E7
3.214643167361337E7
3.2885390817012817E7
3.362232871311504E7
3.242404491080627E7
3.1001605599823862E7
3.3114286116374552E7
3.2109115334674805E7
3.2826015938364923E7
3.181871947567758E7
3.1809828005229324E7
3.440583830611253E7
3.2643675540020943E7
3.3626641432483435E7
3.2554379936444342E7
3.232042384532976E7
3.3106669651896268E7
3.2391939744784623E7
3.147175973048374E7
3.232254399815476E7
3.255055870445609E7
3.3728076127271086E7
3.244298579909438E7
3.278335981179312E7
3.2860865320190996E7
3.270433282794285E7
3.189119883066219E7
3.399550271693462E7
3.2576008319207847E7
3.2877432509212017E7
3.1809265523259938E7
3.319923294735834E7
3.2151889229472846E7
3.301709494508493E7
3.2735873877552688E7
3.136304954529217E7
3.2989556076410115E7
3.334733332644832E7
3.1061605568473577E7
3.1476711088099122E7
3.2446303614316642E7
3.103185033199802E7
3.36352873676455E7
3.120032524611962E7
3.2081178455430597E7
3.2283335273170263E7
3.1792265397826105E7
3.2190855806027323E7
3.2601580325788468E7
3.215367518595189E7
3.365609215273905E7
3.2216080940170616E7
3.2926036812107205E7
3.1755932807139516E7
3.221941628809306E7
3.1608507811142743E7
3.353112339427945E7
3.3214286273356676E7
3.2933815052831322E7
3.3232047228352726E7
3.1134494382582933E7
3.2577933351227045E7
3.2796088796827286E7
3.0872741416241795E7
3.2464696552290604E7
3.2905193398401618E7
3.376263962712845E7
3.2330187134955883E7
3.23744663761324E7
3.249890653572482E7
3.3403890996093124E7
3.340939389514017E7
3.398830682728985E7
3.3123502882530123E7
3.227117326230052E7
3.1535254467965215E7
3.2140006584764063E7
3.299592449766925E7
3.21717596515207E7
3.2499554190761894E7
3.1846693027947575E7
3.3206974861043394E7
3.1945727051580906E7
#20
3.2682332395057887E7
3.1660469743939698E7
3.346080171819994E7
3.098656642409894E7
3.1242070372398645E7
3.0967641282778054E7
3.232325792307338E7
3.069979791379559E7
3.18824234815979E7
3.1743230419350475E7
3.2960501015822947E7
3.2300814179985166E7
3.1931120210820436E7
3.2679128796978593E7
3.2452576236723036E7
3.2730646060159832E7
3.2831528859922618E7
3.250926104663685E7
3.2560460407211155E7
3.37090760969992E7
3.2255131258621573E7
3.2345268652320653E7
3.195828401260078E7
3.3460779039209425E7
3.2564977636676878E7
3.247180561477983E7
3.208084031095934E7
3.351390273244509E7
3.361270847259566E7
3.2776914596607864E7
3.2328780467681408E7
3.317707647009319E7
3.2334602554780573E7
3.281342260148388E7
3.257458150682491E7
3.356454271391255E7
3.1359270425879627E7
3.3009725732186615E7
3.3280711001562506E7
3.3672536191257656E7
3.283228572789243E7
3.31939965171268E7
3.365218415087208E7
3.2048038528615057E7
3.285825732555476E7
3.0973316777996957E7
3.248866707234487E7
3.278100620018184E7
3.1742478958249882E7
3.3258465054156482E7
3.2764108748516858E7
3.1759446255417198E7
3.262379738461089E7
3.333760840525326E7
3.2462414400179744E7
3.218634205775535E7
3.2758506972899705E7
3.244430771175608E7
3.1717565792653173E7
3.334117714292997E7
3.2072735189222217E7
3.2578051563472867E7
3.346773962724629E7
3.2191396826955467E7
3.213897772765705E7
3.277658224151659E7
3.205852900472161E7
3.1913502498671114E7
3.1365448349355698E7
3.2381892322697908E7
3.157508316740173E7
3.325352318155825E7
3.199220081821838E7
3.1857755580523342E7
3.22468446030533E7
3.115327445461437E7
3.3082058592392296E7
3.1498882136183918E7
3.1889847034572423E7
3.317464361665839E7
3.3538570051991254E7
3.114133274108094E7
3.1981104025443166E7
3.1771749824024588E7
3.1787249335776597E7
3.128003290807146E7
3.2457466052434176E7
3.325553215438977E7
3.129045059681073E7
3.2257211504107475E7
3.214440848957026E7
3.35608460372251E7
3.1708184317211688E7
3.2869597777037323E7
3.1452196737812966E7
3.2792651339637727E7
3.2574479681625456E7
3.280445585735607E7
3.2344442704977393E7
3.187089329671839E7
#30
3.2730988681440443E7
3.1722664667436898E7
3.2806884091617644E7
3.218274953888315E7
3.0949755909095496E7
3.2301076703038126E7
3.3537665504236132E7
3.2016528143574625E7
3.1570970228839338E7
3.2813849748492032E7
3.1683698516771078E7
3.1838805563661397E7
3.1519521790806815E7
3.2487041120475054E7
3.3350051578825146E7
3.220399164653805E7
3.0654106708022833E7
3.204034314838618E7
3.2351450523576558E7
3.2078853437156886E7
3.354314249002871E7
3.2690466899731725E7
3.2343146211969674E7
3.0705033885467023E7
3.369743986573908E7
3.1416432248758167E7
3.2693830114934117E7
3.222193593741542E7
3.2104293162656307E7
3.3301427101561546E7
3.2500904507370383E7
3.0686303688528568E7
3.2533195966409862E7
3.247937697809592E7
3.2946757978414446E7
3.3304612713648945E7
3.2210516757327497E7
3.174996149360481E7
3.1670902554847866E7
3.28015671610516E7
3.1890064564385086E7
3.1377029694372386E7
3.2703311342597365E7
3.3176913202237666E7
3.273289350317484E7
3.252144755384043E7
3.2444214422176927E7
3.2388049833901137E7
3.2878547235055447E7
3.273522699569267E7
3.193932752326888E7
3.2590540168376148E7
3.2400865045139104E7
3.2554413960793823E7
3.166620825787291E7
3.3112330159956604E7
3.2055434561912656E7
3.2088986153533727E7
3.23491608493976E7
3.1803428373986185E7
3.3002303434620023E7
3.376327547925818E7
3.149157105482948E7
3.1755668930522382E7
3.1045865046560973E7
3.2247996878036857E7
3.1092139917421103E7
3.1968429491214037E7
3.1509337399967283E7
3.209363242319727E7
3.309660103096658E7
3.2576595339281917E7
3.3077248847882062E7
3.187266164720857E7
3.1429543675736457E7
3.020056292361331E7
3.2520119008207798E7
3.233473413909495E7
3.3343582833266884E7
3.31090547430557E7
3.161646715660143E7
3.212773288387826E7
3.2998866938881695E7
3.282048757856548E7
3.2631601681767672E7
3.2841160162251502E7
3.1417758263130605E7
3.2814754146326154E7
3.2681054235065192E7
3.110479677850476E7
3.414595930087066E7
3.242393985717264E7
3.3240380160996348E7
3.3417094853402495E7
3.1126458309398532E7
3.2727897218865037E7
3.341940667813468E7
3.295457100801605E7
3.2385735892612875E7
3.1946343042713016E7
