#1
0.8848046309696093
0.8996685748719494
0.8793679732604072
0.8934351145038167
0.882654697018275
0.8875968992248062
0.8799745304043298
0.8774763791526974
0.8621462594564304
0.8919185282522996
0.8764145324597975
0.8797680805614891
0.8786001858160422
0.8891462607544672
0.8855985037406484
0.8861864671032117
0.8837650031585597
0.8804420629604822
0.891015745600494
0.902469917669411
0.8955887019993652
0.8826429980276134
0.883397050791917
0.8733850129198967
0.8869395711500975
0.8797760210803689
0.888673765730881
0.8852014900101591
0.8805011243173787
0.8840248284874224
0.884
0.8826047080403546
0.8829420970266041
0.8858885017421603
0.8818946712371455
0.8791315618924174
0.8818477938999112
0.8831626120358514
0.8839848675914249
0.8934297390757623
0.8891069676153092
0.8937595129375951
0.8824976930175331
0.8749198203976908
0.8863905325443787
0.8873720136518771
0.8915003219575016
0.8960828747167368
0.8929170862705605
0.8813886210221794
0.8859522085445329
0.8890925756186985
0.8871844039629274
0.8837488735355963
0.8726067746686303
0.8797680805614891
0.8965742251223491
0.883441258094357
0.8919722497522299
0.8794964028776978
0.8879478827361563
0.8850649350649351
0.875595049190733
0.881417687976151
0.8854886475814413
0.8847695390781564
0.8889570552147239
0.888192922016912
0.8754448398576512
0.8823878823878823
0.8865020840012825
0.8865504768168365
0.8944925742574258
0.892129194104735
0.8880224578914535
0.884684147794994
0.8941139831828091
0.8910741301059002
0.8791707159054097
0.8782334384858044
0.8881905391994708
0.8940625
0.8898108197809492
0.8927922471229558
0.8792500794407372
0.8860717813631873
0.889673730238816
0.8889236545682102
0.8673803151947665
0.8648025367541078
0.8792401628222524
0.8812949640287769
0.8861911987860395
0.8881889763779528
0.8862847222222222
0.8777888777888778
0.8901912399753239
0.8932183224271267
0.8814132104454685
0.8902982516283853
#3
0.9336734693877551
0.9372309899569584
0.928042328042328
0.9393339927464557
0.9358529819694869
0.9214749061113008
0.9262536873156342
0.9356594110115237
0.9264548375580149
0.9254226052369904
0.9289508632138114
0.9251968503937008
0.9301295160190866
0.9320220841959972
0.9308547602501738
0.9320168339268372
0.9304407713498623
0.9324702589223233
0.9338588074023304
0.9289131920710868
0.9337089824328804
0.9333107650643195
0.9312056737588652
0.9301056938288442
0.9147529575504524
0.9376224689745265
0.9197979160088412
0.9300439337614059
0.9291056910569105
0.9340369393139841
0.9331341053418005
0.9209150326797385
0.9313422588396841
0.9315121200461716
0.9239409499358151
0.9283727399165508
0.9292929292929293
0.9376351838500361
0.9321428571428572
0.9167486070140938
0.9346600331674959
0.9280905752753978
0.9225764476252439
0.9314833847207948
0.9246889325474787
0.9132405309161541
0.9300036456434561
0.9309849029475198
0.92902767920511
0.9265517241379311
0.9235892043463021
0.933718558803535
0.9436325678496869
0.9454968428049185
0.9346636626971355
0.9220644267405611
0.9290040376850606
0.9210889042039972
0.9300439337614059
0.9295048143053645
0.9425663395129044
0.9203539823008849
0.9247851002865329
0.9188455008488964
0.9317417619367855
0.9325050369375419
0.9350356740518213
0.9368304396010344
0.9327731092436975
0.9303319093000328
0.9330262225372077
0.9300301305657851
0.9217282404508453
0.9254816430388949
0.9351535836177475
0.9299128101945003
0.9225484072454716
0.9337265787647467
0.9380378657487092
0.9249575551782683
0.9271214642262895
0.9208731241473397
0.9262424817980374
0.9295122819508722
0.9210687960687961
0.9370475291155178
0.9276292335115864
0.9238790406673618
0.9195152268489745
0.9195637355146558
0.9232581622349377
0.9311475409836065
0.9244288224956063
0.9341402634389463
0.9256801592568016
0.9321625344352618
0.9256085018854988
0.9261862917398945
0.9290504765266502
0.9205412907702984
#5
0.9613130128956624
0.9572890928344511
0.9568733153638814
0.9645438898450946
0.956398440269408
0.9670588235294117
0.9608050847457628
0.9631947000368053
0.9607399018497547
0.9633582355033796
0.9533356377462842
0.9552129221732746
0.9567854435178166
0.9638297872340426
0.962589928057554
0.9565371024734982
0.9602313810556761
0.9664701547531319
0.9599850411368736
0.9573193560464246
0.9623134328358209
0.9603174603174603
0.9610565526583136
0.9550601556970983
0.9630294328786791
0.9601203912716328
0.9559359067734887
0.9525602409638554
0.9675063891931361
0.9570397111913357
0.96280834914611
0.9596460176991151
0.9555639954424611
0.9541184971098265
0.9568965517241379
0.9564686737184703
0.9635885885885885
0.9512108262108262
0.9586899888351321
0.9649890590809628
0.9606071557643657
0.9638433210579176
0.9580734580734581
0.962390158172232
0.9544919576304434
0.9616244411326379
0.9666666666666667
0.9594785059901338
0.9568599717114569
0.958625785001847
0.9600700525394046
0.9578587699316629
0.9519586104951958
0.9547511312217195
0.9570241964608162
0.955325232308792
0.9612037708484409
0.96057078482914
0.9627971064416121
0.9635749155088247
0.9609941318605454
0.960901725959845
0.9558147755390597
0.9538063562453807
0.9660377358490566
0.961453744493392
0.9613926232333678
0.9586808188021229
0.960101559666304
0.9479010494752623
0.9497247706422018
0.956081081081081
0.9632072197153766
0.965385946694358
0.9603729603729604
0.96104897801774
0.958523592085236
0.959830866807611
0.9570422535211267
0.9596804868771396
0.9574920297555791
0.952326468344775
0.9623199113409678
0.9533622559652929
0.957847196085811
0.9606358819076457
0.9560723514211886
0.9575418994413408
0.9534968875869645
0.9610249007578492
0.9462994836488813
0.9636711281070746
0.9671379442109286
0.9653264478052379
0.9603825136612022
0.9527170077628794
0.9568094740508534
0.9506970418225094
0.9626415094339623
0.9653092006033183
#7
0.9762495568947182
0.9789855072463768
0.9787562765546544
0.9793152639087018
0.9746983261969638
0.9744956223829463
0.9775849602313811
0.9729425028184893
0.9785633696878526
0.9804138950480414
0.9716684155299056
0.9791666666666666
0.977680204903037
0.9772647778943686
0.9805003679175864
0.9745075318655851
0.9742473703300689
0.978013349038084
0.9786529260213471
0.9760956175298805
0.9798829553767374
0.9764094362255098
0.9772814786291876
0.9780907668231612
0.9782118707738543
0.9771754636233951
0.9717726759503199
0.9734195402298851
0.9786241741158181
0.9788084766093562
0.9787463976945245
0.9755116959064327
0.9770331325301205
0.9785330948121646
0.974588403722262
0.9743867243867244
0.9770784770784771
0.9784572619874913
0.9833465503568596
0.9783167952958471
0.9815778934721666
0.9748939179632249
0.9749303621169917
0.9722543352601156
0.9817546583850931
0.9747252747252747
0.9701217263002582
0.981579879560751
0.980814408770556
0.9735356386732533
0.9781076066790353
0.977147069664578
0.9789947486871718
0.9782923299565847
0.9742939898624186
0.9763698630136987
0.9724057520404198
0.9770114942528736
0.9774378585086042
0.9732599292174597
0.9812523434570679
0.9779635258358662
0.9794547609640458
0.9773049645390071
0.9738535800482703
0.972972972972973
0.9780621572212066
0.9768211920529801
0.9705223880597015
0.9779437922447528
0.9806477093206951
0.9732110091743119
0.9767037552155772
0.9773544212796549
0.9809104258443465
0.9772484891574831
0.9724804760133878
0.9772309952258539
0.9740725967291584
0.9767769176636172
0.9743683632369096
0.9786386676321506
0.9779411764705882
0.9749478079331941
0.9764079147640792
0.9756956674885523
0.9784791965566715
0.9764167546638508
0.9712177121771217
0.9758848697005056
0.9749626307922272
0.9790555978674791
0.9822530864197531
0.9776310964429776
0.9783724340175953
0.9727143869596031
0.9746788990825688
0.9766446087971974
0.9818518518518519
0.9802158273381295
#10
0.9915627292736611
0.9857932123125493
0.990343347639485
0.9916907514450867
0.9877567140600316
0.9939148073022313
0.9916476841305999
0.9882575757575758
0.9882664647993944
0.9896797153024911
0.9848197343453511
0.9851088201603666
0.9919354838709677
0.9904376609047444
0.9902702702702703
0.9925053533190579
0.9892
0.9886061526775541
0.9907145740815503
0.9864271457085828
0.9923756019261637
0.9885222381635581
0.9893536121673003
0.9866320089119941
0.990220934444042
0.9879518072289156
0.990709773318469
0.9886895475819033
0.9897843359818388
0.9913305691669808
0.9869513641755635
0.9904094430099595
0.9919847328244275
0.9884615384615385
0.9887272727272727
0.9879731163777856
0.9914529914529915
0.9909570459683497
0.9899879855826993
0.9931869795609387
0.9896869244935543
0.9872897196261682
0.9886963074604371
0.989451476793249
0.9886706948640483
0.9901768172888016
0.9867203219315895
0.9905548996458088
0.9891956782713085
0.9896864686468647
0.9909305993690851
0.9877567140600316
0.988822913028292
0.9908814589665653
0.991869918699187
0.9911797133406836
0.9925694172858819
0.9901403109594236
0.9887027658745617
0.9878138847858198
0.9899884482094725
0.9892818863879957
0.9891682785299807
0.9919649379108838
0.9848260547742413
0.9903536977491961
0.9898458066942459
0.9919502378338821
0.9909502262443439
0.9916981132075472
0.9924755455229496
0.990909090909091
0.9904728299223712
0.9873605947955391
0.984036021285305
0.990392006149116
0.9901775595013222
0.991250455705432
0.9909596662030598
0.9923786602486964
0.9915764139590855
0.9871212121212121
0.9897199574618929
0.986013986013986
0.9901999215993728
0.9893116716545532
0.9906396255850234
0.9928774928774928
0.9892515923566879
0.9914814814814815
0.9906437125748503
0.9883895131086142
0.988539741219963
0.9925373134328358
0.9898621248986212
0.990188679245283
0.9914720059325176
0.9928712871287129
0.9882482556004407
0.9898950641274776
#15
0.9973674313651749
0.9972200158856235
0.9976452119309263
0.9966101694915255
0.9964884900507218
0.9969856819894499
0.9968266560888537
0.9967715899919289
0.9984108065156932
0.9972997299729973
0.9973919523099851
0.9988349514563106
0.9976842917792358
0.9976762199845082
0.9996107434799533
0.9965831435079726
0.9978486912871997
0.9971356963838167
0.9976671850699844
0.9949146385760989
0.9974302496328928
0.9984951091045899
0.9951672862453531
0.9965688143347312
0.998911860718172
0.9980680061823802
0.9938366718027735
0.9964733542319749
0.9973313000381243
0.9963436928702011
0.9961267605633802
0.9971475142624286
0.9980694980694981
0.9972549019607844
0.99809813617345
0.9961240310077519
0.9955373744886575
0.9959150326797386
0.9980559875583204
0.9960536700868192
0.9980307207562032
0.9981711777615215
0.9965183752417794
0.9972857696781698
0.9962049335863378
0.9963826366559485
0.9988394584139265
0.9971864951768489
0.9977703455964325
0.9980605120248255
0.9973149213655543
0.9984459984459985
0.9964144854786662
0.9966789667896679
0.9988601823708206
0.9975659229208925
0.9956505980427691
0.9979330301777594
0.9973654497553632
0.9970315398886828
0.9973574933937335
0.9967598217901985
0.9964469009080142
0.9968516332152696
0.9965129794653235
0.9974330766409975
0.9970523212969786
0.9971311475409836
0.9971139971139971
0.9987903225806452
0.9949787562765546
0.9968895800933126
0.9988066825775657
0.9956537486417965
0.9973149213655543
0.9964186231595702
0.9969040247678018
0.9981556621172999
0.9966144731273805
0.9988700564971752
0.9978005865102639
0.9956268221574344
0.9961759082217974
0.9948
0.9980937857415173
0.9964966913195796
0.9977418140760256
0.997265625
0.9964733542319749
0.9975718332658843
0.998868778280543
0.9972022382094324
0.9980453479280688
0.9965504024530472
0.9971887550200803
0.9976644608797197
0.9948979591836735
0.9965973534971645
0.9966789667896679
0.9959595959595959
#20
0.9980966882375333
0.9996107434799533
0.9992251065478497
0.9992380952380953
0.998426435877262
1.0
0.9988496932515337
1.0
0.9981597350018403
0.9981046247156937
0.9992418498862775
0.9984214680347278
0.9988925802879292
0.9992671308171491
0.9996234939759037
0.9996144949884348
0.9981543004798819
0.9988239905919247
0.998812351543943
0.9988193624557261
0.9996113486202876
0.999569151227919
0.9979975971165399
0.999628666914222
0.9996073812328229
0.9991826726604005
0.999611197511664
0.9996011168727563
0.9987770077456176
0.9984597612629957
0.9996289424860854
1.0
0.9988670694864048
0.9992880028479886
0.9977981651376147
0.9991980753809142
0.998842145889618
0.9988644965934897
0.9992337164750957
0.99921875
0.9992236024844721
0.9995943204868154
1.0
0.9984319874558997
0.9992275009656237
0.9996131528046421
0.9992229992229992
0.998439328911432
0.9992057188244639
0.9996087636932708
0.9989150090415914
0.9984484096198604
0.9991809991809992
0.999213217938631
0.9992523364485981
0.9991906110886281
0.9985261606484893
1.0
0.9984453944811504
0.9996058336618053
0.9983825313384553
0.999580008399832
0.9992226972405752
0.999259807549963
0.9992025518341308
0.9992035045798486
0.998077662437524
0.9988399071925754
0.9987473903966597
0.9992363497518136
0.99921875
0.9995916700694161
0.9987760097919217
0.9995600527936648
0.9996203492786636
0.9989193083573487
1.0
0.9996343692870201
0.9992372234935164
0.9992025518341308
0.999616122840691
0.9996121024049651
0.9996095275283092
0.9988872403560831
0.9984208448480063
0.9988
1.0
0.9985905567300916
0.9992409867172676
0.999622783855149
0.9995642701525055
0.9996296296296296
0.9992190550566185
0.9988188976377953
0.9985770188545002
0.999236641221374
0.9983505154639175
0.9988
0.9980657640232108
0.9995993589743589
#30
1.0
1.0
0.9996143463170073
1.0
1.0
1.0
1.0
1.0
1.0
1.0
0.9996056782334385
1.0
1.0
1.0
1.0
1.0
1.0
0.9996319470003681
1.0
1.0
1.0
1.0
1.0
1.0
1.0
1.0
0.9996175908221797
1.0
1.0
1.0
1.0
1.0
0.999613601236476
0.9996181748759069
0.9996288047512992
1.0
1.0
1.0
1.0
1.0
1.0
1.0
1.0
1.0
1.0
1.0
1.0
1.0
1.0
1.0
1.0
0.999624765478424
0.9996023856858847
1.0
1.0
1.0
1.0
1.0
1.0
1.0
0.9996267263904441
1.0
0.9992340099578706
0.999256229081443
1.0
1.0
0.9996299037749815
1.0
1.0
1.0
1.0
0.9996066089693155
1.0
0.9995967741935484
1.0
1.0
0.9996153846153846
0.9992298806314979
0.9996462681287585
1.0
1.0
0.9996171516079633
1.0
1.0
1.0
1.0
1.0
1.0
1.0
1.0
1.0
1.0
1.0
0.9996180290297937
1.0
1.0
1.0
1.0
1.0
1.0
