#1
0.8545454545454545
0.8904761904761904
0.8956043956043956
0.9246861924686193
0.8292682926829268
0.8894230769230769
0.9086294416243654
0.8839779005524862
0.8141592920353983
0.8359375
0.8721461187214612
0.8708133971291866
0.8465909090909091
0.9071729957805907
0.8994413407821229
0.8823529411764706
0.8925233644859814
0.8262548262548263
0.8944723618090452
0.8771929824561403
0.9090909090909091
0.9205607476635514
0.8601036269430051
0.8944444444444445
0.8796680497925311
0.87
0.8578431372549019
0.880184331797235
0.9085714285714286
0.8818181818181818
0.873015873015873
0.8888888888888888
0.8744769874476988
0.8378378378378378
0.8615384615384616
0.9028571428571428
0.8641304347826086
0.8798076923076923
0.8795180722891566
0.8219895287958116
0.8691099476439791
0.8868778280542986
0.863849765258216
0.8473895582329317
0.842391304347826
0.8916256157635468
0.888268156424581
0.9516908212560387
0.8663594470046083
0.7929515418502202
0.8726415094339622
0.8357487922705314
0.8894230769230769
0.91875
0.8888888888888888
0.8724489795918368
0.8716577540106952
0.8798076923076923
0.8978494623655914
0.8764044943820225
0.8888888888888888
0.8644859813084113
0.8871794871794871
0.865
0.8478260869565217
0.8512396694214877
0.8493150684931506
0.8901734104046243
0.8994974874371859
0.9072164948453608
0.8421052631578947
0.8593155893536122
0.8497854077253219
0.8260869565217391
0.8762376237623762
0.8443579766536965
0.8935185185185185
0.8497409326424871
0.8640350877192983
0.8715596330275229
0.8653846153846154
0.8731707317073171
0.9080459770114943
0.8525345622119815
0.8492462311557789
0.8974358974358975
0.8535353535353535
0.896969696969697
0.8389830508474576
0.8591549295774648
0.8922155688622755
0.8623188405797102
0.8970588235294118
0.8542713567839196
0.8780487804878049
0.907608695652174
0.9020618556701031
0.8465608465608465
0.8571428571428571
0.8826291079812206
#3
0.8869047619047619
0.9178743961352657
0.848314606741573
0.9318181818181818
0.9170305676855895
0.9115646258503401
0.9565217391304348
0.8881987577639752
0.9234449760765551
0.9285714285714286
0.9213483146067416
0.9261363636363636
0.9240506329113924
0.9326424870466321
0.92
0.9652777777777778
0.9401197604790419
0.8873239436619719
0.9560439560439561
0.9191919191919192
0.9239130434782609
0.9082125603864735
0.900497512437811
0.9117647058823529
0.8983050847457628
0.8878048780487805
0.9473684210526315
0.9004739336492891
0.8883720930232558
0.9056603773584906
0.9303482587064676
0.8770949720670391
0.8872549019607843
0.8783783783783784
0.9280575539568345
0.9142857142857143
0.9358974358974359
0.9341317365269461
0.9573170731707317
0.9081081081081082
0.8961748633879781
0.9264069264069265
0.9096385542168675
0.936046511627907
0.9421052631578948
0.9074074074074074
0.9234972677595629
0.927710843373494
0.8921568627450981
0.9289340101522843
0.868020304568528
0.9248554913294798
0.9423076923076923
0.9191919191919192
0.927461139896373
0.9333333333333333
0.9333333333333333
0.9227053140096618
0.9424083769633508
0.9523809523809523
0.8936170212765957
0.8883248730964467
0.9158415841584159
0.9263157894736842
0.9285714285714286
0.9456521739130435
0.9367088607594937
0.9111111111111111
0.925531914893617
0.8584905660377359
0.9289617486338798
0.9162011173184358
0.9071729957805907
0.935251798561151
0.9034090909090909
0.9219512195121952
0.9425837320574163
0.8761061946902655
0.9110169491525424
0.8865979381443299
0.9209039548022598
0.9253731343283582
0.8888888888888888
0.9333333333333333
0.9060773480662984
0.9119170984455959
0.927536231884058
0.917910447761194
0.9095477386934674
0.9488636363636364
0.9520958083832335
0.918918918918919
0.9036144578313253
0.9032258064516129
0.9223300970873787
0.9153439153439153
0.9153439153439153
0.8963414634146342
0.9033816425120773
0.9085365853658537
#5
0.948051948051948
0.9565217391304348
0.9757575757575757
0.9458128078817734
0.9479768786127167
0.9722222222222222
0.9587628865979382
0.9605263157894737
0.9293478260869565
0.9681528662420382
0.9536082474226805
0.9540229885057471
0.9333333333333333
0.963855421686747
0.9529411764705882
0.9351351351351351
0.9726027397260274
0.9197860962566845
0.9351351351351351
0.9352941176470588
0.9772727272727273
0.9113924050632911
0.9738219895287958
0.9515151515151515
0.9611111111111111
0.9759036144578314
0.907103825136612
0.9752475247524752
0.9664804469273743
0.9538461538461539
0.9777777777777777
0.9378531073446328
0.9826589595375722
0.9612903225806452
0.9617486338797814
0.9578313253012049
0.9519230769230769
0.9662921348314607
0.9470899470899471
0.9207920792079208
0.96
0.9668508287292817
0.9634146341463414
0.9473684210526315
0.9559748427672956
0.9565217391304348
0.9425287356321839
0.9282051282051282
0.935
0.9817073170731707
0.9705882352941176
0.9419354838709677
0.943127962085308
0.9562043795620438
0.9459459459459459
0.9634146341463414
0.9543147208121827
0.9761904761904762
0.9294117647058824
0.9492753623188406
0.9545454545454546
0.9383886255924171
0.9403973509933775
0.9047619047619048
0.9325842696629213
0.9683544303797469
0.9411764705882353
0.953757225433526
0.926829268292683
0.9351851851851852
0.9127906976744186
0.9363057324840764
0.9521276595744681
0.9662921348314607
0.9341317365269461
0.9384615384615385
0.9433962264150944
0.9466666666666667
0.9267015706806283
0.9691358024691358
0.9727891156462585
0.9520958083832335
0.9414893617021277
0.9560439560439561
0.9461077844311377
0.9344262295081968
0.95
0.9226804123711341
0.9458128078817734
0.9580838323353293
0.9341317365269461
0.9453551912568307
0.949238578680203
0.9463087248322147
0.9635416666666666
0.9368421052631579
0.9455782312925171
0.9526627218934911
0.9617486338797814
0.9518716577540107
#7
0.9649122807017544
0.9190751445086706
0.9707602339181286
0.976878612716763
0.949685534591195
0.9834254143646409
0.9844559585492227
0.9939759036144579
0.9664804469273743
0.9629629629629629
0.9806451612903225
0.9415584415584416
0.9739583333333334
0.9863013698630136
0.961038961038961
0.9493670886075949
0.9743589743589743
0.9763313609467456
0.972972972972973
0.9794520547945206
0.9726027397260274
0.963855421686747
0.9506172839506173
0.9591836734693877
0.9870967741935484
0.9847715736040609
0.9367816091954023
0.9716312056737588
0.9672131147540983
0.9671052631578947
0.9662921348314607
0.9536423841059603
0.9779005524861878
0.96
0.9682539682539683
0.96875
1.0
0.98
0.9550561797752809
0.9621621621621622
0.972972972972973
0.9593908629441624
0.9808917197452229
0.9725274725274725
0.975
0.9863945578231292
0.9819277108433735
0.9841269841269841
0.9651162790697675
0.9675324675324676
0.987012987012987
0.9576719576719577
0.9574468085106383
0.9724137931034482
0.9623655913978495
0.9696969696969697
0.9929577464788732
0.9868421052631579
0.9726775956284153
0.9662162162162162
0.984375
0.9880239520958084
0.9814814814814815
0.9826589595375722
0.971830985915493
0.9775280898876404
0.9886363636363636
0.9868421052631579
0.9683544303797469
0.9675324675324676
0.978021978021978
0.967948717948718
0.9611650485436893
0.9825581395348837
0.9536082474226805
0.9627659574468085
0.9831460674157303
0.9810126582278481
0.9732620320855615
0.9942196531791907
0.9764705882352941
0.9803921568627451
0.9627659574468085
0.9720670391061452
0.9683544303797469
0.9689119170984456
0.9565217391304348
0.9760479041916168
0.9625
0.9712643678160919
0.9754601226993865
0.9576719576719577
0.9775280898876404
0.9704142011834319
0.9786096256684492
0.9685534591194969
0.9802631578947368
0.9813664596273292
0.9771428571428571
0.9513513513513514
#10
0.96
0.9941520467836257
1.0
0.9942196531791907
0.9803921568627451
0.9841269841269841
0.9838709677419355
0.9803921568627451
0.9945054945054945
0.9779005524861878
0.9714285714285714
1.0
0.9848484848484849
0.9924242424242424
0.9810126582278481
1.0
0.972027972027972
0.9810126582278481
1.0
0.993103448275862
0.98125
0.9727891156462585
0.9932885906040269
0.9871794871794872
1.0
0.9946236559139785
0.9943181818181818
0.9827586206896551
0.9808612440191388
0.9821428571428571
0.9846153846153847
0.9875
0.9875776397515528
0.9634146341463414
1.0
0.9770114942528736
1.0
0.9937106918238994
0.9948979591836735
0.9929577464788732
0.9726027397260274
0.9782608695652174
0.9772727272727273
0.9942196531791907
0.9933333333333333
0.9875
0.9775280898876404
0.9864864864864865
0.9555555555555556
0.9869281045751634
0.9933333333333333
0.9639175257731959
0.9933333333333333
0.9818181818181818
0.9819277108433735
0.9927007299270073
0.9828571428571429
0.972972972972973
0.9945652173913043
1.0
1.0
0.9871794871794872
0.9931506849315068
0.9928057553956835
0.9625
0.9939024390243902
0.993006993006993
1.0
0.9879518072289156
0.9932432432432432
1.0
0.9932432432432432
1.0
0.993103448275862
0.994535519125683
0.9753086419753086
0.9829545454545454
0.9927007299270073
0.9709302325581395
0.9880239520958084
0.9811320754716981
0.994475138121547
0.9942196531791907
0.9727891156462585
0.9871794871794872
0.9685863874345549
0.9931972789115646
0.9833333333333333
0.98125
0.9793103448275862
1.0
0.9743589743589743
0.9890710382513661
0.9751552795031055
0.9782608695652174
0.9868421052631579
0.9937106918238994
0.9941520467836257
0.9794520547945206
0.988950276243094
#15
1.0
1.0
0.9932885906040269
0.9941176470588236
0.9943502824858758
0.9942196531791907
1.0
1.0
1.0
1.0
0.9925925925925926
1.0
0.9798657718120806
1.0
1.0
1.0
0.9775280898876404
0.9931506849315068
0.9942857142857143
0.9939024390243902
0.9838709677419355
0.9932432432432432
1.0
1.0
0.9941176470588236
0.9941176470588236
0.9925925925925926
0.9932885906040269
1.0
1.0
0.9940476190476191
1.0
1.0
1.0
1.0
0.9890710382513661
1.0
0.9883040935672515
1.0
1.0
1.0
1.0
0.992
0.9731543624161074
0.9935897435897436
1.0
0.9939393939393939
1.0
1.0
1.0
0.9945652173913043
0.9937106918238994
0.9870967741935484
0.9925373134328358
1.0
1.0
1.0
0.9932885906040269
1.0
1.0
0.9939024390243902
1.0
1.0
1.0
0.994475138121547
0.9941860465116279
0.987012987012987
0.9933774834437086
0.9883720930232558
1.0
0.9932885906040269
0.9940119760479041
0.9939393939393939
1.0
0.9899497487437185
1.0
0.9940828402366864
1.0
1.0
1.0
0.9879518072289156
0.9939024390243902
1.0
0.9863013698630136
1.0
1.0
1.0
1.0
1.0
0.9847715736040609
1.0
1.0
1.0
1.0
1.0
1.0
0.9871794871794872
1.0
1.0
0.9942196531791907
#20
1.0
1.0
1.0
1.0
1.0
1.0
1.0
1.0
0.9939759036144579
0.9938271604938271
1.0
1.0
1.0
1.0
1.0
1.0
1.0
1.0
1.0
1.0
0.9935897435897436
1.0
1.0
1.0
0.9933774834437086
1.0
1.0
1.0
0.9935064935064936
0.9950248756218906
0.9947368421052631
1.0
1.0
1.0
0.9944444444444445
1.0
1.0
1.0
1.0
0.9935483870967742
1.0
1.0
1.0
0.9873417721518988
1.0
1.0
0.9871794871794872
1.0
1.0
1.0
0.9833333333333333
0.994413407821229
1.0
1.0
0.9929577464788732
0.9781021897810219
1.0
0.9936305732484076
1.0
0.9942528735632183
0.9933333333333333
1.0
1.0
1.0
1.0
1.0
1.0
1.0
1.0
1.0
0.9943181818181818
1.0
1.0
1.0
1.0
1.0
1.0
0.9917355371900827
1.0
1.0
1.0
1.0
1.0
1.0
1.0
0.9944444444444445
1.0
0.9897435897435898
1.0
1.0
1.0
1.0
1.0
1.0
1.0
1.0
1.0
1.0
1.0
1.0
#30
1.0
1.0
1.0
0.9935483870967742
1.0
1.0
1.0
1.0
0.9936305732484076
1.0
1.0
1.0
1.0
1.0
1.0
1.0
1.0
1.0
1.0
1.0
1.0
1.0
1.0
1.0
1.0
1.0
1.0
1.0
1.0
1.0
1.0
1.0
1.0
1.0
1.0
1.0
1.0
1.0
1.0
1.0
1.0
1.0
1.0
1.0
1.0
1.0
1.0
1.0
1.0
0.9931972789115646
1.0
1.0
1.0
1.0
1.0
1.0
1.0
1.0
1.0
1.0
1.0
1.0
1.0
1.0
1.0
1.0
1.0
1.0
1.0
1.0
1.0
1.0
1.0
1.0
1.0
1.0
1.0
1.0
1.0
1.0
1.0
1.0
1.0
1.0
1.0
1.0
1.0
0.99375
1.0
1.0
1.0
1.0
1.0
1.0
1.0
1.0
1.0
1.0
1.0
1.0
