#1
0.7983193277310925
0.8544600938967136
0.8719211822660099
0.8414096916299559
0.8217821782178217
0.794392523364486
0.8714285714285714
0.7992125984251969
0.8279569892473119
0.7688888888888888
0.8262910798122066
0.8693693693693694
0.7899543378995434
0.7941176470588235
0.8797814207650273
0.7725118483412322
0.8243243243243243
0.8285714285714286
0.7990196078431373
0.8518518518518519
0.8773584905660378
0.8325581395348837
0.8078602620087336
0.7736625514403292
0.8298755186721992
0.8102564102564103
0.8404255319148937
0.7786561264822134
0.8095238095238095
0.7773972602739726
0.7877551020408163
0.8407960199004975
0.8441558441558441
0.8829268292682927
0.8397790055248618
0.8552631578947368
0.8490566037735849
0.8442622950819673
0.8363636363636363
0.8232044198895028
0.8193832599118943
0.7549019607843137
0.7905982905982906
0.7698744769874477
0.8121212121212121
0.7736625514403292
0.8116591928251121
0.8072289156626506
0.8547717842323651
0.8164251207729468
0.75
0.7649253731343284
0.8278388278388278
0.7783505154639175
0.8341232227488151
0.8125
0.8127659574468085
0.7659574468085106
0.801762114537445
0.8387096774193549
0.8309859154929577
0.7866108786610879
0.7862595419847328
0.8370044052863436
0.8504273504273504
0.8944444444444445
0.8257575757575758
0.8212765957446808
0.8341013824884793
0.8167539267015707
0.8541666666666666
0.8018433179723502
0.8093385214007782
0.821969696969697
0.8229665071770335
0.8423423423423423
0.7669491525423728
0.8421052631578947
0.8104265402843602
0.8214285714285714
0.8390804597701149
0.7601626016260162
0.8071065989847716
0.7892857142857143
0.8277511961722488
0.7846715328467153
0.8520710059171598
0.8143459915611815
0.8514851485148515
0.7926829268292683
0.8131313131313131
0.7947598253275109
0.8262548262548263
0.8063241106719368
0.8046875
0.8247863247863247
0.839622641509434
0.8312236286919831
0.8447488584474886
0.8257261410788381
#3
0.8803827751196173
0.8246445497630331
0.8288770053475936
0.8267326732673267
0.8409090909090909
0.9011627906976745
0.8770053475935828
0.8181818181818182
0.842391304347826
0.8703703703703703
0.8620689655172413
0.8351648351648352
0.85
0.8471615720524017
0.8201754385964912
0.8305785123966942
0.8591549295774648
0.8622754491017964
0.8601694915254238
0.820627802690583
0.8546255506607929
0.8380952380952381
0.8350515463917526
0.8294573643410853
0.8449197860962567
0.8660287081339713
0.8647342995169082
0.8571428571428571
0.845771144278607
0.8028169014084507
0.8214285714285714
0.8449612403100775
0.8181818181818182
0.8786127167630058
0.8454106280193237
0.8536585365853658
0.8648648648648649
0.8538011695906432
0.8421052631578947
0.8396624472573839
0.8281938325991189
0.8130841121495327
0.8756218905472637
0.8578680203045685
0.841025641025641
0.8295454545454546
0.8839779005524862
0.8461538461538461
0.890625
0.835820895522388
0.8888888888888888
0.8957345971563981
0.826271186440678
0.8571428571428571
0.82
0.8497409326424871
0.8791208791208791
0.8651162790697674
0.8811881188118812
0.8430034129692833
0.8294930875576036
0.9040404040404041
0.8105263157894737
0.8390243902439024
0.831275720164609
0.861244019138756
0.8043478260869565
0.8429752066115702
0.8432203389830508
0.8755760368663594
0.8872549019607843
0.8023255813953488
0.7965367965367965
0.8325358851674641
0.8097345132743363
0.8450704225352113
0.7903930131004366
0.8780487804878049
0.8018867924528302
0.8605769230769231
0.8736263736263736
0.8516746411483254
0.8288288288288288
0.8052631578947368
0.9032258064516129
0.8370786516853933
0.8577586206896551
0.8837209302325582
0.8090909090909091
0.8465116279069768
0.8075117370892019
0.8663366336633663
0.8423236514522822
0.8168316831683168
0.8288770053475936
0.9162303664921466
0.827906976744186
0.8313253012048193
0.8530612244897959
0.8251121076233184
#5
0.8720379146919431
0.8974358974358975
0.8855721393034826
0.9158415841584159
0.9017341040462428
0.9179487179487179
0.883177570093458
0.8497409326424871
0.8729281767955801
0.9055555555555556
0.8844221105527639
0.893048128342246
0.8793103448275862
0.8894736842105263
0.8679245283018868
0.8952380952380953
0.8713450292397661
0.9004524886877828
0.8591549295774648
0.893048128342246
0.8764705882352941
0.9308510638297872
0.9178743961352657
0.8505154639175257
0.8509615384615384
0.9261363636363636
0.8781512605042017
0.8726415094339622
0.8926553672316384
0.8871794871794871
0.8865979381443299
0.9222797927461139
0.875
0.9162303664921466
0.8639455782312925
0.8846153846153846
0.875
0.9183673469387755
0.9257425742574258
0.8421052631578947
0.9084967320261438
0.9
0.896551724137931
0.925
0.8585858585858586
0.890625
0.8516483516483516
0.8977777777777778
0.8541666666666666
0.8701923076923077
0.8920454545454546
0.84375
0.8509316770186336
0.8762376237623762
0.9081081081081082
0.8365019011406845
0.9017341040462428
0.8414634146341463
0.8739837398373984
0.8934010152284264
0.8695652173913043
0.8325123152709359
0.9103448275862069
0.8586387434554974
0.8816568047337278
0.9012345679012346
0.8958333333333334
0.9077669902912622
0.893491124260355
0.8852459016393442
0.8737373737373737
0.8899521531100478
0.9308176100628931
0.8509316770186336
0.8731707317073171
0.9076923076923077
0.9047619047619048
0.9018691588785047
0.9044585987261147
0.9090909090909091
0.8722222222222222
0.8697478991596639
0.8794642857142857
0.8613861386138614
0.885
0.8933333333333333
0.8755760368663594
0.914572864321608
0.8863636363636364
0.900497512437811
0.8809523809523809
0.8963730569948186
0.9174757281553398
0.8480392156862745
0.8487394957983193
0.8901734104046243
0.9034090909090909
0.8415841584158416
0.9112426035502958
0.8393782383419689
#7
0.8911917098445595
0.8895027624309392
0.9030612244897959
0.8932038834951457
0.9375
0.9176470588235294
0.8659217877094972
0.9019607843137255
0.9027027027027027
0.9402173913043478
0.9142857142857143
0.9408602150537635
0.9214659685863874
0.8810810810810811
0.9057591623036649
0.9337748344370861
0.9383886255924171
0.9203980099502488
0.9122807017543859
0.907608695652174
0.903954802259887
0.9402173913043478
0.9015544041450777
0.8961748633879781
0.9226804123711341
0.9226519337016574
0.9289340101522843
0.9090909090909091
0.8757062146892656
0.9313725490196079
0.877906976744186
0.9101123595505618
0.9155844155844156
0.9186602870813397
0.9365079365079365
0.9054054054054054
0.9354838709677419
0.9219512195121952
0.9022222222222223
0.9052132701421801
0.8911917098445595
0.8808290155440415
0.9040404040404041
0.8957345971563981
0.9297297297297298
0.9365853658536586
0.9171597633136095
0.8947368421052632
0.9214659685863874
0.9
0.8970588235294118
0.9006211180124224
0.9319371727748691
0.9130434782608695
0.9259259259259259
0.9226804123711341
0.9541284403669725
0.8863636363636364
0.9285714285714286
0.930635838150289
0.8958333333333334
0.9476439790575916
0.9123711340206185
0.9114583333333334
0.9294871794871795
0.9204545454545454
0.9421052631578948
0.8685714285714285
0.9011627906976745
0.8990384615384616
0.9
0.882051282051282
0.9032258064516129
0.9217877094972067
0.8864864864864865
0.9245283018867925
0.9230769230769231
0.9158415841584159
0.9158415841584159
0.9178743961352657
0.9090909090909091
0.9347826086956522
0.8982035928143712
0.9010416666666666
0.9130434782608695
0.9273743016759777
0.9150943396226415
0.94
0.9180327868852459
0.9518072289156626
0.9162303664921466
0.8793969849246231
0.9182389937106918
0.9347826086956522
0.935
0.8476190476190476
0.9562043795620438
0.8743961352657005
0.9504950495049505
0.8736842105263158
#10
0.9166666666666666
0.9308510638297872
0.9316770186335404
0.9325153374233128
0.9375
0.9448818897637795
0.9664804469273743
0.9385474860335196
0.9423076923076923
0.9504950495049505
0.9532163742690059
0.9615384615384616
0.96
0.9593023255813954
0.9222797927461139
0.875
0.9565217391304348
0.9344262295081968
0.9352941176470588
0.9444444444444444
0.9162011173184358
0.9269662921348315
0.9345238095238095
0.9339622641509434
0.9175824175824175
0.9532163742690059
0.9086538461538461
0.8870967741935484
0.9205607476635514
0.9382716049382716
0.9320987654320988
0.9640718562874252
0.9113924050632911
0.9547738693467337
0.9426751592356688
0.9521276595744681
0.920863309352518
0.9298245614035088
0.8975903614457831
0.9506172839506173
0.9347826086956522
0.9508196721311475
0.9479768786127167
0.9435897435897436
0.921875
0.8935185185185185
0.9230769230769231
0.9308510638297872
0.9485714285714286
0.9378238341968912
0.9664804469273743
0.9245283018867925
0.9456521739130435
0.9389671361502347
0.9438202247191011
0.9365853658536586
0.9580838323353293
0.8907103825136612
0.9227053140096618
0.9315068493150684
0.9746835443037974
0.9337016574585635
0.9384615384615385
0.9381443298969072
0.95
0.9261083743842364
0.9438202247191011
0.93048128342246
0.9366515837104072
0.9254658385093167
0.9631578947368421
0.9657534246575342
0.9344262295081968
0.9362745098039216
0.90625
0.9484536082474226
0.935064935064935
0.9037433155080213
0.949748743718593
0.918918918918919
0.9456521739130435
0.9872611464968153
0.9243243243243243
0.9367088607594937
0.9337016574585635
0.9386792452830188
0.9523809523809523
0.8975903614457831
0.9615384615384616
0.952054794520548
0.9811320754716981
0.951048951048951
0.9345238095238095
0.9128440366972477
0.9487179487179487
0.9527027027027027
0.9207920792079208
0.9512195121951219
0.9438775510204082
0.9234972677595629
#15
0.9714285714285714
0.9787234042553191
0.9808917197452229
0.984375
0.9651162790697675
0.9757575757575757
0.98125
0.9503105590062112
0.9723756906077348
0.9772727272727273
0.9774436090225563
0.9575757575757575
0.9642857142857143
0.9602272727272727
0.9620253164556962
0.96875
0.9529411764705882
0.96875
0.9662921348314607
0.951048951048951
0.976303317535545
0.9634146341463414
0.954248366013072
0.9795918367346939
0.9818181818181818
0.9636363636363636
0.9869281045751634
0.9659090909090909
0.9771428571428571
0.9470198675496688
0.961038961038961
0.9468085106382979
0.9891304347826086
0.9585798816568047
0.9634146341463414
0.9888268156424581
0.9395604395604396
0.9580838323353293
0.9295774647887324
0.9803921568627451
0.9738562091503268
0.9751552795031055
0.9507042253521126
0.9679144385026738
0.9748427672955975
0.9479768786127167
0.9771428571428571
0.9565217391304348
0.95
0.9751552795031055
0.9506172839506173
0.9611111111111111
0.9533333333333334
0.9692307692307692
0.9623655913978495
0.9403973509933775
0.958041958041958
0.9556962025316456
0.98
0.9732620320855615
0.9583333333333334
0.9759036144578314
0.9779005524861878
0.945054945054945
0.9700598802395209
0.9615384615384616
0.9186046511627907
0.9424083769633508
0.9813664596273292
0.9411764705882353
0.945054945054945
0.9779005524861878
0.9888888888888889
0.9873417721518988
0.9746835443037974
0.9645390070921985
0.9593023255813954
0.9868421052631579
1.0
0.9612903225806452
0.9651162790697675
0.963855421686747
0.9714285714285714
0.978494623655914
0.9704142011834319
0.9679144385026738
0.9553072625698324
0.976878612716763
0.9813664596273292
0.9503105590062112
0.95625
0.9792746113989638
0.9696969696969697
0.9928571428571429
0.9738562091503268
0.9722222222222222
0.9518072289156626
0.9682539682539683
0.956989247311828
0.9694656488549618
#20
0.993006993006993
0.9871794871794872
0.9705882352941176
0.956989247311828
0.98125
0.9793103448275862
0.9393939393939394
0.9884393063583815
0.967948717948718
0.9798657718120806
0.9822485207100592
0.9850746268656716
0.9608938547486033
0.9834710743801653
0.9621621621621622
0.95
0.9754601226993865
0.968421052631579
0.9783783783783784
0.9691358024691358
0.9745222929936306
0.9888888888888889
0.9803921568627451
0.9877300613496932
0.9723756906077348
0.9876543209876543
0.9704142011834319
0.9878048780487805
0.968421052631579
0.9538461538461539
0.9933333333333333
0.9735449735449735
0.9597701149425287
0.9606741573033708
0.9884393063583815
0.9856115107913669
0.9783783783783784
0.9883040935672515
0.9741935483870968
0.9743589743589743
0.9877300613496932
0.9875
0.9781021897810219
0.9834254143646409
0.9875
0.985
0.9707602339181286
0.96045197740113
1.0
0.9831460674157303
0.9822485207100592
0.9655172413793104
0.9722222222222222
0.9613259668508287
0.9926470588235294
0.9595959595959596
0.9792746113989638
0.9702380952380952
0.9870967741935484
0.9625668449197861
1.0
0.9739583333333334
0.9562043795620438
0.9779005524861878
0.9776536312849162
0.9880952380952381
0.9934640522875817
0.9813664596273292
0.9939759036144579
0.9673202614379085
0.9615384615384616
0.9790209790209791
0.9875776397515528
0.9829545454545454
0.9788732394366197
0.9878787878787879
0.9813664596273292
0.9936708860759493
0.9835164835164835
0.9881656804733728
0.9815950920245399
0.9776119402985075
0.9824561403508771
0.9710144927536232
0.9870967741935484
0.9824561403508771
0.9724137931034482
0.9823529411764705
0.968944099378882
0.9787234042553191
0.9946236559139785
0.9885057471264368
0.9813664596273292
0.994413407821229
0.9771428571428571
0.9657142857142857
0.9817073170731707
0.9470588235294117
0.9520958083832335
0.9626865671641791
#30
0.9769230769230769
0.9883720930232558
0.9878787878787879
1.0
0.9929577464788732
0.9757575757575757
1.0
0.9861111111111112
0.9930555555555556
0.9940476190476191
0.9882352941176471
0.9942528735632183
0.9735099337748344
0.9934640522875817
0.9828571428571429
0.993103448275862
1.0
1.0
0.9801324503311258
1.0
0.9827586206896551
0.9634146341463414
0.9937888198757764
1.0
1.0
0.9861111111111112
0.993421052631579
0.9945945945945946
1.0
0.9888268156424581
0.9927536231884058
0.9771428571428571
0.9948717948717949
1.0
0.9833333333333333
0.9864864864864865
0.9881656804733728
0.9775280898876404
0.9837837837837838
0.9863013698630136
0.9870967741935484
1.0
0.9931506849315068
0.988950276243094
0.9880952380952381
1.0
0.9822485207100592
1.0
1.0
0.9932885906040269
0.9874213836477987
0.9939393939393939
0.9937106918238994
0.9941520467836257
0.9946236559139785
0.9938650306748467
0.9930555555555556
0.9801324503311258
1.0
0.9947089947089947
0.9861111111111112
0.9891304347826086
0.9869281045751634
0.9782608695652174
0.9808917197452229
0.9861111111111112
0.9946808510638298
0.9932885906040269
0.983957219251337
0.9936708860759493
0.9856115107913669
1.0
0.9856115107913669
0.9833333333333333
1.0
0.9927007299270073
0.9867549668874173
1.0
0.9935897435897436
0.9878048780487805
0.9869281045751634
0.9819277108433735
0.9935064935064936
0.986013986013986
0.9820359281437125
0.9763779527559056
0.9850746268656716
0.9933774834437086
0.9819277108433735
0.9784172661870504
0.9920634920634921
0.9933333333333333
0.9932885906040269
0.9822485207100592
0.9935064935064936
0.9704433497536946
1.0
0.9836956521739131
0.994535519125683
0.9869281045751634
